[0], [0.0, 0.0, 0.0], (1, 3.7249062557433428, 2.826065127127918), 25002.716185483943 MeV, -1
[1], [0.0, 0.0, 0.0], (1, 0.9611507862017588, 2.60183958624859), 7991.110712728491 MeV, 1
[2], [0.0, 0.0, 0.0], (1, 3.965251105288333, 2.7366746989542383), 232.14646601710479 MeV, 1
[3], [0.0, 0.0, 0.0], (1, 4.125820726084932, 2.68742149087798), 1540.8082014112902 MeV, 1
[4], [0.0, 0.0, 0.0], (1, 5.655252183073602, 2.6801404445577135), 1540.1526779361568 MeV, 1
[5], [0.0, 0.0, 0.0], (1, 4.593574328836609, 2.527671809587968), 27520.20637017007 MeV, 1
[6], [0.0, 0.0, 0.0], (1, 2.4513353284972386, 2.55059031674449), 525.5313855545766 MeV, 1
[7], [0.0, 0.0, 0.0], (1, 1.5187677600074254, 2.5325057574361955), 1542.883901385979 MeV, -1
[8], [0.0, 0.0, 0.0], (1, 2.0456152292820597, 2.673652966297948), 10467.946590425878 MeV, 1
[9], [0.0, 0.0, 0.0], (1, 5.542863663249857, 2.4472516397952546), 529.045667204891 MeV, -1
[10], [0.0, 0.0, 0.0], (1, 2.0715920955481764, 2.52242088170228), 544.4960407988552 MeV, 1
[11], [0.0, 0.0, 0.0], (1, 2.3155713603810746, 2.7385577736706814), 1281.4962934320677 MeV, -1
[12], [0.0, 0.0, 0.0], (1, 1.2571081794396717, 2.2665416371441767), 3783.809671736255 MeV, -1
[13], [0.0, 0.0, 0.0], (1, 2.3635512181790084, 2.9094236478545454), 2900.7800531294592 MeV, -1
[14], [0.0, 0.0, 0.0], (1, 3.6492247720455406, 2.428571024915202), 9842.441577310141 MeV, -1
[15], [0.0, 0.0, 0.0], (1, 4.812400942273961, 2.8959824229493516), 1418.3848779741909 MeV, -1
[16], [0.0, 0.0, 0.0], (1, 5.449772230259594, 2.2960295123776615), 1772.1686080569339 MeV, 1
[17], [0.0, 0.0, 0.0], (1, 5.268314845902939, 2.3646197846633497), 48016.01764788175 MeV, 1
[18], [0.0, 0.0, 0.0], (1, 3.789172872778199, 2.7466250828012946), 852.8034801898156 MeV, 1
[19], [0.0, 0.0, 0.0], (1, 5.654441643141229, 2.5754918830671647), 824.7688213844967 MeV, -1
[20], [0.0, 0.0, 0.0], (1, 6.036441011668696, 2.7174128958266643), 289.38907509468595 MeV, -1
[21], [0.0, 0.0, 0.0], (1, 6.156056185437695, 3.0444485355592885), 2873.881748889741 MeV, -1
[22], [0.0, 0.0, 0.0], (1, 5.15365211248298, 2.415707110515287), 1896.0135899866277 MeV, 1
[23], [0.0, 0.0, 0.0], (1, 4.057529793469353, 2.2582734905906383), 693.8217308368154 MeV, -1
[24], [0.0, 0.0, 0.0], (1, 3.255455938409259, 2.598037995612703), 1324.33257204411 MeV, 1
[25], [0.0, 0.0, 0.0], (1, 3.3709562758939753, 2.1613106073640824), 8680.525613523785 MeV, -1
[26], [0.0, 0.0, 0.0], (1, 3.5945388784616856, 2.551178764160918), 6807.555864331064 MeV, 1
[27], [0.0, 0.0, 0.0], (1, 0.6243042976388953, 2.3161376809381258), 2448.053315673424 MeV, 1
[28], [0.0, 0.0, 0.0], (1, 5.490504470236233, 2.738628859128608), 1796.098749903014 MeV, -1
[29], [0.0, 0.0, 0.0], (1, 5.899104422508222, 2.869341755328455), 534.7119645771963 MeV, -1
[30], [0.0, 0.0, 0.0], (1, 2.6106329328748537, 2.459069129359669), 712.2197355619671 MeV, 1
[31], [0.0, 0.0, 0.0], (1, 1.2386431500456982, 2.4293900750670634), 9681.979049236426 MeV, -1
[32], [0.0, 0.0, 0.0], (1, 2.5049261210158775, 2.1965517608963867), 3044.693554079169 MeV, -1
[33], [0.0, 0.0, 0.0], (1, 5.329082891985497, 2.8336321413079313), 930.57269910511 MeV, -1
[34], [0.0, 0.0, 0.0], (1, 1.701175655086649, 2.334406241884027), 140.22025037085305 MeV, 1
[35], [0.0, 0.0, 0.0], (1, 3.3896194965959916, 2.2440884083223356), 6016.503235286519 MeV, 1
[36], [0.0, 0.0, 0.0], (1, 5.645108488770198, 2.7991268076429354), 24774.778786408355 MeV, -1
[37], [0.0, 0.0, 0.0], (1, 1.371065067806473, 2.7649367572336274), 7427.723202935185 MeV, -1
[38], [0.0, 0.0, 0.0], (1, 1.8600408128033958, 2.162444349829246), 10032.478072571861 MeV, 1
[39], [0.0, 0.0, 0.0], (1, 5.5049386549102595, 2.3312485653923867), 2410.272734366271 MeV, 1
[40], [0.0, 0.0, 0.0], (1, 3.836463217398797, 2.6475035356794123), 8869.430885887135 MeV, -1
[41], [0.0, 0.0, 0.0], (1, 2.493664991260662, 2.9204741410692003), 14279.175025911085 MeV, 1
[42], [0.0, 0.0, 0.0], (1, 1.5960192235184358, 2.624037671822527), 125.16967312013495 MeV, 1
[43], [0.0, 0.0, 0.0], (1, 0.6792759207293386, 3.022096710546305), 10501.407184141226 MeV, -1
[44], [0.0, 0.0, 0.0], (1, 3.2619836498276342, 2.742770581477607), 29134.917890590208 MeV, 1
[45], [0.0, 0.0, 0.0], (1, 1.8319192210135853, 3.034186868403154), 8888.705278139576 MeV, 1
[46], [0.0, 0.0, 0.0], (1, 1.861496774937974, 2.756615062402079), 2185.1700722842975 MeV, -1
[47], [0.0, 0.0, 0.0], (1, 5.235634170263884, 2.7649090265403404), 387.0211032649199 MeV, -1
[48], [0.0, 0.0, 0.0], (1, 4.701952151397959, 2.636123908817452), 7517.44069832881 MeV, 1
[49], [0.0, 0.0, 0.0], (1, 1.3824947713981164, 2.566585554063139), 802.7646995919838 MeV, 1
[50], [0.0, 0.0, 0.0], (1, 1.3625788771565865, 2.2262325804885315), 218874.2054779256 MeV, 1
[51], [0.0, 0.0, 0.0], (1, 2.4777835964485213, 2.8582654588233587), 3891.352078889824 MeV, 1
[52], [0.0, 0.0, 0.0], (1, 3.3419518219668554, 2.5593076372923926), 8948.04946408157 MeV, -1
[53], [0.0, 0.0, 0.0], (1, 0.6770990984376226, 2.4722185479114724), 3387.9366124952926 MeV, 1
[54], [0.0, 0.0, 0.0], (1, 1.2460735677862935, 2.60910313365272), 800.6244693619353 MeV, 1
[55], [0.0, 0.0, 0.0], (1, 0.18238057975431232, 1.9715004654756725), 7125.915517076786 MeV, 1
[56], [0.0, 0.0, 0.0], (1, 1.003589031478409, 2.144942280224801), 14892.358046910938 MeV, 1
[57], [0.0, 0.0, 0.0], (1, 0.40484073064318515, 2.9683516638052567), 7228.815530664702 MeV, 1
[58], [0.0, 0.0, 0.0], (1, 4.181663382890814, 2.4115539782731323), 2759.075002111579 MeV, 1
[59], [0.0, 0.0, 0.0], (1, 5.459934928755109, 2.179718694634085), 1568.1956521191742 MeV, -1
[60], [0.0, 0.0, 0.0], (1, 5.115887495986284, 2.321351780913209), 44120.959777712145 MeV, 1
[61], [0.0, 0.0, 0.0], (1, 0.4508392837061024, 2.689471353215706), 735.6215224835349 MeV, -1
[62], [0.0, 0.0, 0.0], (1, 5.995712849072686, 2.755923251279385), 3612.585901667269 MeV, -1
[63], [0.0, 0.0, 0.0], (1, 1.0924671631900926, 2.415608215504575), 2002.9175554350118 MeV, 1
[64], [0.0, 0.0, 0.0], (1, 1.4649878113231232, 2.4284322834597765), 5475.474905883765 MeV, -1
[65], [0.0, 0.0, 0.0], (1, 5.777137352041269, 2.805847896944449), 1714.7993258377905 MeV, -1
[66], [0.0, 0.0, 0.0], (1, 1.552951377335206, 1.9415760450360708), 31901.84669588103 MeV, -1
[67], [0.0, 0.0, 0.0], (1, 1.2099609906924353, 1.94522617426283), 4670.129865515737 MeV, 1
[68], [0.0, 0.0, 0.0], (1, 4.271234230219038, 2.932256181817042), 119.07782173219478 MeV, -1
[69], [0.0, 0.0, 0.0], (1, 3.7452878609080287, 2.5304526402204903), 1095.6163197729213 MeV, -1
[70], [0.0, 0.0, 0.0], (1, 4.830626701574019, 2.2165647735580043), 21.706559079905272 MeV, -1
[71], [0.0, 0.0, 0.0], (1, 5.437109829853242, 2.3315223664523943), 911.007812127904 MeV, -1
[72], [0.0, 0.0, 0.0], (1, 5.528128250238148, 2.5260623348045135), 644.8385621378229 MeV, -1
[73], [0.0, 0.0, 0.0], (1, 2.7306099273663236, 2.344444971130185), 2568.472887814494 MeV, 1
[74], [0.0, 0.0, 0.0], (1, 3.024368553660203, 2.0861664044064323), 11864.784740992338 MeV, 1
[75], [0.0, 0.0, 0.0], (1, 1.163945899226083, 2.752947969725545), 826.5159148176397 MeV, 1
[76], [0.0, 0.0, 0.0], (1, 5.896215053164639, 2.3885218575118707), 737.2308622701898 MeV, 1
[77], [0.0, 0.0, 0.0], (1, 2.292652829370301, 2.689751892138184), 181.69407286929157 MeV, -1
[78], [0.0, 0.0, 0.0], (1, 2.3740390151859057, 2.4910088835659985), 3809.9654161040858 MeV, 1
[79], [0.0, 0.0, 0.0], (1, 4.716608256629032, 2.683853159126733), 157.9283941796997 MeV, -1
[80], [0.0, 0.0, 0.0], (1, 0.10042381832805436, 2.3429818481544094), 7175.7452960632345 MeV, 1
[81], [0.0, 0.0, 0.0], (1, 0.5623650000167473, 1.6455062147228583), 67679.93118272959 MeV, -1
[82], [0.0, 0.0, 0.0], (1, 0.2808800131943032, 2.6244469092237455), 1858.462164255827 MeV, -1
[83], [0.0, 0.0, 0.0], (1, 6.077977480440872, 2.662283266564967), 2581.6343687737394 MeV, 1
[84], [0.0, 0.0, 0.0], (1, 5.6422450976415295, 2.4699335829200546), 1490.3931798877602 MeV, 1
[85], [0.0, 0.0, 0.0], (1, 4.712969486892622, 2.4069873751066084), 311.09334445715433 MeV, -1
[86], [0.0, 0.0, 0.0], (1, 4.580246467567128, 2.5920936995420187), 2379.340533357598 MeV, -1
[87], [0.0, 0.0, 0.0], (1, 4.360634117579809, 2.4460742844992724), 1386.8106289205405 MeV, -1
[88], [0.0, 0.0, 0.0], (1, 5.89755196703745, 2.605184552906521), 195.44307650940624 MeV, 1
[89], [0.0, 0.0, 0.0], (1, 1.1629148940108323, 1.9091233816812117), 1758.2792322126702 MeV, -1
[90], [0.0, 0.0, 0.0], (1, 1.5761039691144543, 2.5539752870392123), 5820.356853041022 MeV, -1
[91], [0.0, 0.0, 0.0], (1, 5.2291034654704855, 3.0509698436522226), 6540.289496489676 MeV, 1
[92], [0.0, 0.0, 0.0], (1, 1.5649607109611505, 2.8047497608230105), 19187.399989252983 MeV, 1
[93], [0.0, 0.0, 0.0], (1, 4.417282357132121, 2.800859346744576), 1635.640758024501 MeV, -1
[94], [0.0, 0.0, 0.0], (1, 1.9678994941352244, 2.9283935708766404), 2439.018229172825 MeV, 1
[95], [0.0, 0.0, 0.0], (1, 1.4287271068121745, 2.7539146976556976), 755.7313878042639 MeV, 1
[96], [0.0, 0.0, 0.0], (1, 3.0117325212095594, 2.0191583170907847), 1830.1145930998787 MeV, -1
[97], [0.0, 0.0, 0.0], (1, 2.7669215047306395, 2.7030279141147346), 361.1416118397209 MeV, -1
[98], [0.0, 0.0, 0.0], (1, 3.512161521741299, 2.443921789525493), 1161.3102993134892 MeV, -1
[99], [0.0, 0.0, 0.0], (1, 5.217629029683817, 2.6369969519212817), 179.40970610037115 MeV, -1
[100], [0.0, 0.0, 0.0], (1, 3.0070811851050134, 2.597912267905354), 4058.5695016592485 MeV, -1
[101], [0.0, 0.0, 0.0], (1, 5.0478249345143755, 2.570992290194477), 149.7992815051879 MeV, -1
[102], [0.0, 0.0, 0.0], (1, 3.03886611873223, 1.9790733515439196), 16789.768874925812 MeV, -1
[103], [0.0, 0.0, 0.0], (1, 6.130350576512281, 2.256794182687967), 5159.844882102021 MeV, -1
[104], [0.0, 0.0, 0.0], (1, 0.7966623419275418, 2.0591438624951985), 4032.3962112902095 MeV, -1
[105], [0.0, 0.0, 0.0], (1, 2.3853999116369806, 2.499806951683918), 190.48490300671423 MeV, -1
[106], [0.0, 0.0, 0.0], (1, 4.298481236352496, 2.635632137249877), 2884.5382117969284 MeV, -1
[107], [0.0, 0.0, 0.0], (1, 3.6948454447529784, 2.28617664153487), 432.7633336320178 MeV, -1
[108], [0.0, 0.0, 0.0], (1, 2.1041848683732773, 2.724866375869956), 2504.613662887195 MeV, -1
[109], [0.0, 0.0, 0.0], (1, 5.53906673366628, 2.937453272079307), 1699.4637386233787 MeV, -1
[110], [0.0, 0.0, 0.0], (1, 0.882948260633535, 2.1334564139689975), 3623.006658700449 MeV, 1
[111], [0.0, 0.0, 0.0], (1, 6.180102635513215, 2.131365236372041), 12291.1570260845 MeV, 1
[112], [0.0, 0.0, 0.0], (1, 4.553216054626726, 2.7903473896876374), 79.60986637875001 MeV, 1
[113], [0.0, 0.0, 0.0], (1, 1.1406981182620326, 2.836634486115234), 2640.2370153325446 MeV, 1
[114], [0.0, 0.0, 0.0], (1, 4.477308937330898, 2.9673761669860195), 1278.4937014431052 MeV, 1
[115], [0.0, 0.0, 0.0], (1, 5.462333431384284, 2.3575856705932776), 1804.4015009254622 MeV, 1
[116], [0.0, 0.0, 0.0], (1, 2.452543867859779, 2.6081854531457416), 864.7487522351247 MeV, 1
[117], [0.0, 0.0, 0.0], (1, 1.5024540601395548, 2.580672748662848), 3514.2187628278516 MeV, 1
[118], [0.0, 0.0, 0.0], (1, 5.6426122121240745, 2.8093939721071672), 1421.7425729071394 MeV, -1
[119], [0.0, 0.0, 0.0], (1, 2.595422551362036, 2.7501632769035678), 647.603927320252 MeV, 1
[120], [0.0, 0.0, 0.0], (1, 0.5967978868613564, 2.5963255696623277), 772.482933552315 MeV, 1
[121], [0.0, 0.0, 0.0], (1, 3.35052411993326, 2.159126779329398), 13605.37041715972 MeV, -1
[122], [0.0, 0.0, 0.0], (1, 0.3007584119260933, 2.011093948929081), 7096.495713137211 MeV, 1
[123], [0.0, 0.0, 0.0], (1, 5.067440104603369, 2.721631638349806), 646.1917334125891 MeV, -1
[124], [0.0, 0.0, 0.0], (1, 0.9210653177745591, 2.456711384356819), 7892.718354316453 MeV, 1
[125], [0.0, 0.0, 0.0], (1, 4.774719246046116, 2.855096911304078), 260.2956396034901 MeV, -1
[126], [0.0, 0.0, 0.0], (1, 3.578567990724393, 2.1145009495743565), 5514.26203810258 MeV, 1
[127], [0.0, 0.0, 0.0], (1, 5.542980598481741, 2.905383189839094), 3680.570157107226 MeV, -1
[128], [0.0, 0.0, 0.0], (1, 1.5491249232186028, 1.977804716769668), 9623.781404145173 MeV, -1
[129], [0.0, 0.0, 0.0], (1, 3.020575178052951, 2.5353288283477244), 5282.795300805127 MeV, 1
[130], [0.0, 0.0, 0.0], (1, 4.186875029782671, 2.160906829770481), 20212.358775144206 MeV, -1
[131], [0.0, 0.0, 0.0], (1, 5.497459757051025, 2.260256179256894), 5252.950598377832 MeV, -1
[132], [0.0, 0.0, 0.0], (1, 5.157973488303533, 2.5182391563955955), 2930.5992238723184 MeV, -1
[133], [0.0, 0.0, 0.0], (1, 5.355828221589345, 2.4115176095903257), 2097.4354014965947 MeV, 1
[134], [0.0, 0.0, 0.0], (1, 5.805459876894452, 2.2859810469839346), 774.2234308399024 MeV, 1
[135], [0.0, 0.0, 0.0], (1, 4.319102158470242, 2.5865934429573563), 770.3285502000666 MeV, -1
[136], [0.0, 0.0, 0.0], (1, 0.9368484644710371, 1.9611183711175435), 5750.773879164472 MeV, -1
[137], [0.0, 0.0, 0.0], (1, 0.6206653247078986, 2.460845989926564), 1375.8002589439852 MeV, -1
[138], [0.0, 0.0, 0.0], (1, 0.8099226936825197, 2.6748086427027253), 635.8585081289717 MeV, -1
[139], [0.0, 0.0, 0.0], (1, 0.7825594486569027, 2.884672263125605), 167.9401951635258 MeV, 1
[140], [0.0, 0.0, 0.0], (1, 5.789237650911627, 2.7958637122489516), 991.6349843661457 MeV, -1
[141], [0.0, 0.0, 0.0], (1, 2.627075115434746, 2.3957731105155884), 306.5643077882966 MeV, 1
[142], [0.0, 0.0, 0.0], (1, 5.475616413656029, 2.5079201604876236), 1217.8517171317824 MeV, -1
[143], [0.0, 0.0, 0.0], (1, 5.653534731481727, 2.7936428832238573), 1357.3635754680495 MeV, -1
[144], [0.0, 0.0, 0.0], (1, 3.460517155719785, 2.795864297005823), 687.6053765185133 MeV, 1
[145], [0.0, 0.0, 0.0], (1, 4.322848638673739, 2.1236981649758073), 1416.9925365259412 MeV, -1
[146], [0.0, 0.0, 0.0], (1, 0.10936775647463204, 2.532822546756007), 885.8645632471818 MeV, 1
[147], [0.0, 0.0, 0.0], (1, 3.0524519142934565, 2.3700418341775413), 812.3546369716811 MeV, -1
[148], [0.0, 0.0, 0.0], (1, 2.632450878122528, 2.2208934757961547), 142.4281440843368 MeV, 1
[149], [0.0, 0.0, 0.0], (1, 1.9865431930641222, 2.9013621900397863), 5645.965549553749 MeV, 1
[150], [0.0, 0.0, 0.0], (1, 4.494134914762528, 3.004440817648497), 2328.3935192953795 MeV, 1
[151], [0.0, 0.0, 0.0], (1, 0.06211320363112627, 2.822413331923683), 4270.422255306517 MeV, -1
[152], [0.0, 0.0, 0.0], (1, 4.0764841806319385, 1.9084866437640284), 1761.4227147052627 MeV, -1
[153], [0.0, 0.0, 0.0], (1, 5.320159755888032, 2.700346734508096), 3997.769063899864 MeV, -1
[154], [0.0, 0.0, 0.0], (1, 6.046828179749689, 2.5813225098994885), 1454.7796289120101 MeV, 1
[155], [0.0, 0.0, 0.0], (1, 2.2569241632917816, 2.8573803862899574), 1246.8970667945455 MeV, 1
[156], [0.0, 0.0, 0.0], (1, 0.055238141964732534, 2.7196303988456343), 185.1360862173507 MeV, 1
[157], [0.0, 0.0, 0.0], (1, 4.254824691984412, 2.3447993131101486), 1521.192811071085 MeV, -1
[158], [0.0, 0.0, 0.0], (1, 5.66016092044684, 2.480002174078666), 6997.712748114449 MeV, 1
[159], [0.0, 0.0, 0.0], (1, 2.7206361522587486, 2.2474825958327966), 2427.6417795931216 MeV, 1
[160], [0.0, 0.0, 0.0], (1, 6.186004162495319, 3.073328175750508), 334.17694384083813 MeV, 1
[161], [0.0, 0.0, 0.0], (1, 4.602496592995528, 2.571247129467835), 1501.0967093474308 MeV, -1
[162], [0.0, 0.0, 0.0], (1, 5.924346697789615, 2.7018105230600886), 507.9088446353506 MeV, 1
[163], [0.0, 0.0, 0.0], (1, 2.387762109488058, 2.7277477884522976), 4918.621118972596 MeV, 1
[164], [0.0, 0.0, 0.0], (1, 1.2554704627719246, 2.7730937479901367), 3662.62466321706 MeV, 1
[165], [0.0, 0.0, 0.0], (1, 3.51177087847645, 2.843816990068781), 103.64805902976664 MeV, 1
[166], [0.0, 0.0, 0.0], (1, 4.522907977390382, 2.33797763898163), 1650.3433110704088 MeV, -1
[167], [0.0, 0.0, 0.0], (1, 5.986157818795466, 2.102122517664375), 2627.2573179966093 MeV, -1
[168], [0.0, 0.0, 0.0], (1, 4.868296224745208, 2.9904896036157385), 2836.088218634427 MeV, 1
[169], [0.0, 0.0, 0.0], (1, 2.1965742096648846, 2.2891122196961535), 1918.2493415809354 MeV, 1
[170], [0.0, 0.0, 0.0], (1, 4.802006917606771, 2.6163290262257215), 1050.54309217685 MeV, 1
[171], [0.0, 0.0, 0.0], (1, 1.3968094476572501, 1.802847440679358), 2424.6501009724207 MeV, -1
[172], [0.0, 0.0, 0.0], (1, 2.7670316387830205, 2.615797548595572), 741.8247284529152 MeV, -1
[173], [0.0, 0.0, 0.0], (1, 1.4884270649679365, 2.568121700261544), 204.9950290653692 MeV, -1
[174], [0.0, 0.0, 0.0], (1, 4.2581783781821585, 2.165541827931973), 18537.2897953587 MeV, 1
[175], [0.0, 0.0, 0.0], (1, 1.5425088161824823, 2.524455473975397), 3316.9257772900314 MeV, -1
[176], [0.0, 0.0, 0.0], (1, 2.9861058272401912, 2.6628081918583573), 1317.051429318637 MeV, 1
[177], [0.0, 0.0, 0.0], (1, 6.019147209389743, 2.4083815120248246), 9785.351472528468 MeV, 1
[178], [0.0, 0.0, 0.0], (1, 1.9051498868536836, 2.4871473378553786), 225.19872867251055 MeV, 1
[179], [0.0, 0.0, 0.0], (1, 3.146188436955886, 2.036229897746645), 402.444595651748 MeV, 1
[180], [0.0, 0.0, 0.0], (1, 2.416314485905989, 2.9226904200935575), 5128.232302679152 MeV, 1
[181], [0.0, 0.0, 0.0], (1, 4.172526840194747, 1.926670688042715), 4176.638645736628 MeV, 1
[182], [0.0, 0.0, 0.0], (1, 0.8997570505847587, 2.806181509283843), 2441.8174036320015 MeV, 1
[183], [0.0, 0.0, 0.0], (1, 4.660351360985593, 2.9673737058549525), 514.8769875563534 MeV, -1
[184], [0.0, 0.0, 0.0], (1, 3.830556863398259, 2.355937349227182), 732.1595828248894 MeV, 1
[185], [0.0, 0.0, 0.0], (1, 2.5291211664201363, 2.2158445038954353), 731.9134721893097 MeV, -1
[186], [0.0, 0.0, 0.0], (1, 4.555629005424052, 2.5937212774660874), 6894.961612170149 MeV, 1
[187], [0.0, 0.0, 0.0], (1, 5.916537866279512, 2.54977800442447), 1645.5786016020775 MeV, 1
[188], [0.0, 0.0, 0.0], (1, 0.764457772178079, 2.4137306763130923), 661.795025669456 MeV, -1
[189], [0.0, 0.0, 0.0], (1, 2.745438763497214, 2.394363300049454), 6275.889821048385 MeV, 1
[190], [0.0, 0.0, 0.0], (1, 3.4683064791170066, 2.8372386619616163), 691.3415748024865 MeV, -1
[191], [0.0, 0.0, 0.0], (1, 1.1401936348545458, 2.352502847585723), 43376.69716550084 MeV, 1
[192], [0.0, 0.0, 0.0], (1, 4.081766816198197, 2.413987314284034), 1707.0225544885643 MeV, -1
[193], [0.0, 0.0, 0.0], (1, 0.7530440192336716, 2.4492599698611626), 10253.267536528949 MeV, -1
[194], [0.0, 0.0, 0.0], (1, 3.325420962119635, 2.9734068136758482), 527.3514620297059 MeV, -1
[195], [0.0, 0.0, 0.0], (1, 2.4013451078322525, 2.565499952703336), 2116.111383913823 MeV, 1
[196], [0.0, 0.0, 0.0], (1, 2.9390837353233845, 2.280960736577196), 3869.682368752737 MeV, -1
[197], [0.0, 0.0, 0.0], (1, 4.2247903237898505, 2.557293474290832), 891.9238343553717 MeV, 1
[198], [0.0, 0.0, 0.0], (1, 6.113064303763153, 1.8013992402209338), 1792.7027231189531 MeV, -1
[199], [0.0, 0.0, 0.0], (1, 0.07852017369030495, 2.4513656441761347), 1033.1445521494875 MeV, 1
[200], [0.0, 0.0, 0.0], (1, 2.6950383197600605, 2.5685985966457086), 6526.690577564847 MeV, 1
[201], [0.0, 0.0, 0.0], (1, 5.917128421690256, 2.330713973975379), 2497.453833011768 MeV, 1
[202], [0.0, 0.0, 0.0], (1, 2.607306264626999, 2.5464927785321994), 1001.0922936536151 MeV, 1
[203], [0.0, 0.0, 0.0], (1, 3.065005266676213, 2.3820737790531767), 2345.2048460605456 MeV, -1
[204], [0.0, 0.0, 0.0], (1, 3.5802501048227393, 2.431232849616816), 14782.178129261907 MeV, -1
[205], [0.0, 0.0, 0.0], (1, 0.7460542497921807, 2.8332479829831683), 17276.53759514945 MeV, 1
[206], [0.0, 0.0, 0.0], (1, 2.88995405778369, 2.472143402971569), 11.862973069592398 MeV, -1
[207], [0.0, 0.0, 0.0], (1, 2.0359389966115735, 2.6073910678478756), 355.99972710877216 MeV, -1
[208], [0.0, 0.0, 0.0], (1, 4.904201251915538, 2.847515467911359), 68.8016155606407 MeV, -1
[209], [0.0, 0.0, 0.0], (1, 0.36248146025209316, 3.1048551557984947), 1610.2758263082333 MeV, 1
[210], [0.0, 0.0, 0.0], (1, 0.44281435164545613, 2.397939756544827), 2284.866853972392 MeV, -1
[211], [0.0, 0.0, 0.0], (1, 0.11983008270547657, 2.630435809494321), 4143.870405685203 MeV, 1
[212], [0.0, 0.0, 0.0], (1, 3.5862450975773172, 2.6133915433980532), 3253.3375347575557 MeV, 1
[213], [0.0, 0.0, 0.0], (1, 4.38317589350348, 2.2742729928585983), 1630.3408230352377 MeV, 1
[214], [0.0, 0.0, 0.0], (1, 3.1965592424303333, 1.9362110444268328), 2562.1308616703686 MeV, 1
[215], [0.0, 0.0, 0.0], (1, 5.195646283620292, 2.8626442296526635), 509.86606622527506 MeV, 1
[216], [0.0, 0.0, 0.0], (1, 5.435909873095259, 2.8801323804269785), 2557.9710170884396 MeV, 1
[217], [0.0, 0.0, 0.0], (1, 0.7594950955930315, 2.8724770394558674), 294.3921489008265 MeV, -1
[218], [0.0, 0.0, 0.0], (1, 2.125597088642298, 2.292801427679045), 1149.609682546585 MeV, -1
[219], [0.0, 0.0, 0.0], (1, 6.109825284791819, 2.790273801089857), 146.60922382106494 MeV, 1
[220], [0.0, 0.0, 0.0], (1, 5.368681806390136, 2.4195304818930605), 379.78019725875606 MeV, -1
[221], [0.0, 0.0, 0.0], (1, 3.151484672795883, 2.433845277633135), 10346.405741576815 MeV, 1
[222], [0.0, 0.0, 0.0], (1, 5.075396610245194, 2.5868020409994434), 4409.389581688951 MeV, 1
[223], [0.0, 0.0, 0.0], (1, 3.067560293313031, 2.2872314642297846), 36494.57664885061 MeV, -1
[224], [0.0, 0.0, 0.0], (1, 4.452602205888075, 2.2641749116914456), 932.211412709005 MeV, 1
[225], [0.0, 0.0, 0.0], (1, 2.525411825060285, 2.438251902114452), 7127.087403026345 MeV, -1
[226], [0.0, 0.0, 0.0], (1, 1.9890274430556687, 2.276017319256872), 7439.445086291388 MeV, -1
[227], [0.0, 0.0, 0.0], (1, 0.1009500114689823, 2.475486350425522), 966.7203254599029 MeV, 1
[228], [0.0, 0.0, 0.0], (1, 5.80578696764399, 2.850763452302608), 3541.05196687245 MeV, -1
[229], [0.0, 0.0, 0.0], (1, 1.0824344801184456, 2.3594389001950757), 9355.611409112611 MeV, 1
[230], [0.0, 0.0, 0.0], (1, 2.797531868793225, 2.587122105784828), 1124.2986038230708 MeV, 1
[231], [0.0, 0.0, 0.0], (1, 0.3837926546433792, 2.1113660666322573), 6006.806330631085 MeV, 1
[232], [0.0, 0.0, 0.0], (1, 3.829559454493854, 3.0136994251270877), 2291.357153142594 MeV, -1
[233], [0.0, 0.0, 0.0], (1, 4.164112036907519, 2.859579247505403), 3600.343198992857 MeV, 1
[234], [0.0, 0.0, 0.0], (1, 4.5395940942321715, 2.3063605409140946), 2378.2685571227144 MeV, -1
[235], [0.0, 0.0, 0.0], (1, 1.480766981736381, 2.1961491645558535), 224.39096539193667 MeV, 1
[236], [0.0, 0.0, 0.0], (1, 0.6694602097408495, 2.4796428796382903), 141.80347651242917 MeV, -1
[237], [0.0, 0.0, 0.0], (1, 5.902612573398318, 2.8100573349278446), 1571.6104835015146 MeV, 1
[238], [0.0, 0.0, 0.0], (1, 2.992283009215651, 2.6247742957675273), 2074.739315879544 MeV, -1
[239], [0.0, 0.0, 0.0], (1, 2.3145053508291333, 2.78839273805386), 963.084140718012 MeV, 1
[240], [0.0, 0.0, 0.0], (1, 4.1747891196141875, 1.7068656231797774), 4467.71368152971 MeV, -1
[241], [0.0, 0.0, 0.0], (1, 1.00229985030672, 2.6979333398432535), 431.06930227733596 MeV, 1
[242], [0.0, 0.0, 0.0], (1, 2.5990010585990824, 2.8625823552838665), 3808.065525320208 MeV, -1
[243], [0.0, 0.0, 0.0], (1, 5.2134378450053145, 2.4075081929589928), 2677.409615113811 MeV, -1
[244], [0.0, 0.0, 0.0], (1, 0.23814425061378053, 2.9844718099503105), 131.43037694767634 MeV, 1
[245], [0.0, 0.0, 0.0], (1, 5.376915664157565, 1.7761117671298272), 123896.64004727227 MeV, 1
[246], [0.0, 0.0, 0.0], (1, 1.7975290430044044, 2.6872500569964957), 464.43540270266254 MeV, 1
[247], [0.0, 0.0, 0.0], (1, 1.8408610733211184, 2.785349189211721), 1329.5335166437837 MeV, 1
[248], [0.0, 0.0, 0.0], (1, 1.8267373604724835, 2.430669309070444), 597.5266190656536 MeV, -1
[249], [0.0, 0.0, 0.0], (1, 5.062052864922006, 2.3918981828619783), 61.55899237248812 MeV, 1
[250], [0.0, 0.0, 0.0], (1, 1.8145587913178218, 2.416164793774504), 2389.423227005385 MeV, -1
[251], [0.0, 0.0, 0.0], (1, 6.099960865732731, 2.528721073371119), 1734.646994734101 MeV, -1
[252], [0.0, 0.0, 0.0], (1, 5.928989083072734, 2.4682016959449555), 5692.164203456838 MeV, -1
[253], [0.0, 0.0, 0.0], (1, 5.251722880655929, 2.4482731491560714), 3584.509127183183 MeV, 1
[254], [0.0, 0.0, 0.0], (1, 4.1597601513819455, 2.883004139560422), 754.8155595857997 MeV, -1
[255], [0.0, 0.0, 0.0], (1, 3.763689999736858, 2.3511410728378483), 4260.6672760970705 MeV, 1
[256], [0.0, 0.0, 0.0], (1, 2.699982158232636, 2.326305083322504), 6906.172338670829 MeV, 1
[257], [0.0, 0.0, 0.0], (1, 0.2230366899318028, 2.799072032617731), 38672.95166589796 MeV, 1
[258], [0.0, 0.0, 0.0], (1, 0.9662855903047998, 2.33985154680375), 88.69407817238559 MeV, 1
[259], [0.0, 0.0, 0.0], (1, 2.8435487173367466, 1.9392221073951847), 8048.396192239473 MeV, 1
[260], [0.0, 0.0, 0.0], (1, 1.3038539012910721, 2.785397026340079), 158.10069672998503 MeV, 1
[261], [0.0, 0.0, 0.0], (1, 1.7421736102138468, 2.4083769847336804), 5645.301466328752 MeV, -1
[262], [0.0, 0.0, 0.0], (1, 5.19164725741464, 2.491315256621729), 634.1103976390995 MeV, -1
[263], [0.0, 0.0, 0.0], (1, 5.139736380644162, 2.706307075344547), 9097.940313338577 MeV, 1
[264], [0.0, 0.0, 0.0], (1, 0.5286631063629166, 2.202307505477814), 9980.64886149728 MeV, 1
[265], [0.0, 0.0, 0.0], (1, 4.462992256418703, 1.8900993634998335), 2478.683700602426 MeV, -1
[266], [0.0, 0.0, 0.0], (1, 4.236497580489372, 2.673969854494577), 4391.029984209841 MeV, 1
[267], [0.0, 0.0, 0.0], (1, 1.233743180368199, 2.716124756378124), 2801.8926843628005 MeV, -1
[268], [0.0, 0.0, 0.0], (1, 3.655081220921609, 2.9559525163869047), 4395.559044431636 MeV, -1
[269], [0.0, 0.0, 0.0], (1, 0.26382623055515353, 2.5075401278253957), 652.2225213275749 MeV, -1
[270], [0.0, 0.0, 0.0], (1, 4.575678269910641, 2.5223016254480486), 3349.588627997393 MeV, 1
[271], [0.0, 0.0, 0.0], (1, 1.0475691253926733, 2.5172352425167346), 3050.8448976255195 MeV, 1
[272], [0.0, 0.0, 0.0], (1, 4.751936471780402, 2.880184824205644), 4687.924092623539 MeV, 1
[273], [0.0, 0.0, 0.0], (1, 5.750412882477631, 3.013587945829665), 586.8370545585174 MeV, 1
[274], [0.0, 0.0, 0.0], (1, 5.479210182729617, 2.037931591270747), 4112.274782813828 MeV, -1
[275], [0.0, 0.0, 0.0], (1, 2.5062537725612337, 1.888676395941851), 20221.448703078004 MeV, 1
[276], [0.0, 0.0, 0.0], (1, 4.3896562003376545, 2.78957822381892), 533.9075777136504 MeV, -1
[277], [0.0, 0.0, 0.0], (1, 2.1280113571346337, 2.5177053419150464), 593.1434003428957 MeV, 1
[278], [0.0, 0.0, 0.0], (1, 4.488316603768299, 2.4345418873869664), 490.5684148363446 MeV, 1
[279], [0.0, 0.0, 0.0], (1, 0.8686842428739929, 2.211344616986498), 4004.150273140513 MeV, -1
[280], [0.0, 0.0, 0.0], (1, 0.8530323755450162, 2.2500145271807783), 5318.342597215856 MeV, -1
[281], [0.0, 0.0, 0.0], (1, 4.679082067367128, 1.9418295774139267), 3964.203166258885 MeV, 1
[282], [0.0, 0.0, 0.0], (1, 2.870810384432012, 2.2141078676322263), 1683.6317937164767 MeV, 1
[283], [0.0, 0.0, 0.0], (1, 4.700508269343901, 2.3864070963639783), 942.8965936597981 MeV, -1
[284], [0.0, 0.0, 0.0], (1, 2.2440414217399294, 2.4072485002209265), 106.69289503056093 MeV, -1
[285], [0.0, 0.0, 0.0], (1, 3.8112702076444434, 2.6734149041704045), 2078.911711485382 MeV, 1
[286], [0.0, 0.0, 0.0], (1, 5.495282649893046, 2.5816588688447686), 487.75032964050786 MeV, 1
[287], [0.0, 0.0, 0.0], (1, 1.225941510466292, 2.647868899497118), 88.97127795822495 MeV, -1
[288], [0.0, 0.0, 0.0], (1, 6.078455065648978, 2.7072037100013664), 24173.53849008625 MeV, -1
[289], [0.0, 0.0, 0.0], (1, 3.195940537578883, 2.1435828934364887), 4845.6219122799275 MeV, -1
[290], [0.0, 0.0, 0.0], (1, 3.334709631501336, 2.79857955842437), 8474.516445886798 MeV, 1
[291], [0.0, 0.0, 0.0], (1, 0.7329069485312942, 2.5736790722540963), 1103.552060865922 MeV, -1
[292], [0.0, 0.0, 0.0], (1, 1.1548517341285507, 2.78886586825738), 823.9709637728249 MeV, 1
[293], [0.0, 0.0, 0.0], (1, 2.2943896982177066, 2.3167586645003504), 6772.180013254186 MeV, -1
[294], [0.0, 0.0, 0.0], (1, 1.3304908825836685, 2.4892907798201214), 1241.690111127699 MeV, 1
[295], [0.0, 0.0, 0.0], (1, 5.834497270527434, 2.3324303673179787), 411.9681431479645 MeV, -1
[296], [0.0, 0.0, 0.0], (1, 2.7429000575833413, 2.832116253333709), 2286.778954678642 MeV, 1
[297], [0.0, 0.0, 0.0], (1, 3.4017493203223097, 2.462206495669493), 18208.609847374337 MeV, -1
[298], [0.0, 0.0, 0.0], (1, 5.35519770901678, 2.1530675878365084), 2526.275957383776 MeV, -1
[299], [0.0, 0.0, 0.0], (1, 1.0285016043921011, 2.8541312795980005), 3971.890115324269 MeV, -1
[300], [0.0, 0.0, 0.0], (1, 1.552916087695161, 2.5503250946744123), 2770.749542643037 MeV, -1
[301], [0.0, 0.0, 0.0], (1, 2.080126011814265, 2.6988101026244653), 3999.9019792128347 MeV, 1
[302], [0.0, 0.0, 0.0], (1, 0.6602845039057499, 2.495868514475072), 564.1768663643735 MeV, 1
[303], [0.0, 0.0, 0.0], (1, 4.290759080894645, 2.280318648670005), 455.0926834151307 MeV, 1
[304], [0.0, 0.0, 0.0], (1, 0.7559958154392952, 2.1839043576141965), 1543.163368441512 MeV, -1
[305], [0.0, 0.0, 0.0], (1, 4.031489844280328, 2.848840250361137), 496.4930078441767 MeV, -1
[306], [0.0, 0.0, 0.0], (1, 3.0088007924976115, 2.5756879169146645), 432.16692409921205 MeV, -1
[307], [0.0, 0.0, 0.0], (1, 0.13581422509341223, 2.3491391689651326), 3616.2735741909023 MeV, -1
[308], [0.0, 0.0, 0.0], (1, 1.9818543362518852, 2.4706060818751663), 1351.9240805289537 MeV, -1
[309], [0.0, 0.0, 0.0], (1, 3.0514689658633145, 2.0913369038449545), 2209.875596620239 MeV, 1
[310], [0.0, 0.0, 0.0], (1, 3.742621261538944, 1.896827797901331), 196.92275780671233 MeV, -1
[311], [0.0, 0.0, 0.0], (1, 0.16865691372494318, 2.267941456790631), 3839.67232606849 MeV, -1
[312], [0.0, 0.0, 0.0], (1, 2.0466078005570623, 2.7870051224682992), 356.5917593597783 MeV, -1
[313], [0.0, 0.0, 0.0], (1, 5.568295622888989, 2.556868829857927), 12833.422345189558 MeV, -1
[314], [0.0, 0.0, 0.0], (1, 4.974610801165815, 2.8589638793881624), 848.2489158472714 MeV, 1
[315], [0.0, 0.0, 0.0], (1, 5.73394094324066, 2.50887245870576), 2161.905059172051 MeV, 1
[316], [0.0, 0.0, 0.0], (1, 4.8057977511022205, 2.409067762274326), 78089.31673822213 MeV, 1
[317], [0.0, 0.0, 0.0], (1, 1.1804445701680075, 2.2313774239776842), 2065.2987256714405 MeV, -1
[318], [0.0, 0.0, 0.0], (1, 1.7280297306380383, 2.005074400474258), 1755.0557774084632 MeV, -1
[319], [0.0, 0.0, 0.0], (1, 6.26694284677929, 2.814140515938023), 2988.7845965280103 MeV, -1
[320], [0.0, 0.0, 0.0], (1, 6.282865937347555, 2.890372415666827), 2187.773559248877 MeV, 1
[321], [0.0, 0.0, 0.0], (1, 3.9141099512183715, 2.398478562331854), 1408.6332618744384 MeV, 1
[322], [0.0, 0.0, 0.0], (1, 2.029814842423967, 2.788540362729158), 276.59598066268717 MeV, -1
[323], [0.0, 0.0, 0.0], (1, 6.097912763776776, 2.0038844157457305), 2200.5651795378944 MeV, -1
[324], [0.0, 0.0, 0.0], (1, 2.591975358035153, 2.5730580766659945), 7632.539197758198 MeV, 1
[325], [0.0, 0.0, 0.0], (1, 2.2900575171174644, 2.1561155139735826), 290.7196192525805 MeV, 1
[326], [0.0, 0.0, 0.0], (1, 5.331107895759523, 2.3089009708714556), 558.9881876262311 MeV, 1
[327], [0.0, 0.0, 0.0], (1, 1.5071764953502482, 2.4183569673848755), 10264.652600188003 MeV, 1
[328], [0.0, 0.0, 0.0], (1, 2.099678134034022, 2.0929908183148207), 2903.3812701163415 MeV, 1
[329], [0.0, 0.0, 0.0], (1, 1.2083506520199911, 2.82027966472559), 2125.9676245159926 MeV, -1
[330], [0.0, 0.0, 0.0], (1, 5.839179981132329, 2.4070200796468537), 6844.670460291919 MeV, -1
[331], [0.0, 0.0, 0.0], (1, 2.7520746169074553, 2.063183338313062), 305.38478616171466 MeV, 1
[332], [0.0, 0.0, 0.0], (1, 4.727555115622509, 2.9644558337054847), 2975.3170381225586 MeV, -1
[333], [0.0, 0.0, 0.0], (1, 6.280288721518712, 2.351201089862397), 1190.2567801783393 MeV, -1
[334], [0.0, 0.0, 0.0], (1, 0.7065790940805776, 2.359186142457311), 6373.804115571077 MeV, 1
[335], [0.0, 0.0, 0.0], (1, 3.264463074703241, 2.7354668538628553), 256.1371476053524 MeV, -1
[336], [0.0, 0.0, 0.0], (1, 0.7394450524610825, 2.547349761022077), 3652.5953107947785 MeV, -1
[337], [0.0, 0.0, 0.0], (1, 0.5852538995946022, 2.8989470855844495), 2048.9424191861376 MeV, 1
[338], [0.0, 0.0, 0.0], (1, 4.8735780620883915, 2.4055476156310354), 7761.400950143059 MeV, 1
[339], [0.0, 0.0, 0.0], (1, 5.476965581114937, 2.3897990326824807), 500.2963383535928 MeV, 1
[340], [0.0, 0.0, 0.0], (1, 5.546674724618008, 2.810019728287082), 2193.8343927181245 MeV, -1
[341], [0.0, 0.0, 0.0], (1, 0.35572199849468156, 1.867010795761087), 8651.55031622646 MeV, 1
[342], [0.0, 0.0, 0.0], (1, 1.50910588668454, 2.248352592401825), 11332.366320437082 MeV, 1
[343], [0.0, 0.0, 0.0], (1, 4.6850720464911975, 2.4413257249984244), 1115.4717202331049 MeV, -1
[344], [0.0, 0.0, 0.0], (1, 3.762039150526494, 3.067162013724993), 843.2426158246402 MeV, -1
[345], [0.0, 0.0, 0.0], (1, 2.137375500901104, 2.586774542850313), 2925.8318046996183 MeV, -1
[346], [0.0, 0.0, 0.0], (1, 2.6667408745208157, 2.362681812430382), 3614.062239793885 MeV, -1
[347], [0.0, 0.0, 0.0], (1, 2.752730419753565, 2.638718456213616), 145.4236998090847 MeV, 1
[348], [0.0, 0.0, 0.0], (1, 6.096865306780035, 2.854747921406208), 110.7651672434915 MeV, 1
[349], [0.0, 0.0, 0.0], (1, 5.997677245102862, 2.267818219674048), 23187.231937647557 MeV, 1
[350], [0.0, 0.0, 0.0], (1, 3.9366705987752475, 2.5387109753625903), 982.4540008278747 MeV, 1
[351], [0.0, 0.0, 0.0], (1, 5.285336416083004, 2.296681823941261), 2372.115915053662 MeV, 1
[352], [0.0, 0.0, 0.0], (1, 0.8122099373897509, 2.6234214005607797), 4238.530689903207 MeV, 1
[353], [0.0, 0.0, 0.0], (1, 4.105136714486484, 2.9396908165476954), 680.6626193479559 MeV, -1
[354], [0.0, 0.0, 0.0], (1, 4.36382286151111, 2.0727840293573037), 620.7739098474844 MeV, 1
[355], [0.0, 0.0, 0.0], (1, 0.7096018136980327, 2.4335562540046958), 9932.183236369301 MeV, -1
[356], [0.0, 0.0, 0.0], (1, 5.769020996182959, 2.7939506119043798), 650.990254645337 MeV, 1
[357], [0.0, 0.0, 0.0], (1, 3.8040237046989596, 2.5073051812979408), 1406.0976931919438 MeV, -1
[358], [0.0, 0.0, 0.0], (1, 0.9664149588928241, 2.4579366239270275), 1723.5361739128477 MeV, -1
[359], [0.0, 0.0, 0.0], (1, 2.280718882274254, 2.7855497512229155), 75.78532723664178 MeV, 1
[360], [0.0, 0.0, 0.0], (1, 3.5982180213763213, 2.9012534553086273), 4692.5051626568165 MeV, -1
[361], [0.0, 0.0, 0.0], (1, 3.2742866152567993, 2.958766799025758), 1064.772837667206 MeV, -1
[362], [0.0, 0.0, 0.0], (1, 0.6986043465683123, 2.8363755515173423), 780.627987829674 MeV, -1
[363], [0.0, 0.0, 0.0], (1, 4.823807779347133, 2.645969394616816), 22443.407617987046 MeV, 1
[364], [0.0, 0.0, 0.0], (1, 2.2480432501122642, 2.8515102077401586), 1073.7983332703104 MeV, 1
[365], [0.0, 0.0, 0.0], (1, 3.9752940858203942, 2.9029204797274892), 4123.180974115282 MeV, -1
[366], [0.0, 0.0, 0.0], (1, 1.0686601053750318, 2.3924104828775823), 21045.192942474307 MeV, 1
[367], [0.0, 0.0, 0.0], (1, 5.707543539195836, 2.5765688459464267), 1724.5389521942245 MeV, -1
[368], [0.0, 0.0, 0.0], (1, 5.185531826086372, 2.1443859728485264), 23785.22267232127 MeV, 1
[369], [0.0, 0.0, 0.0], (1, 4.257564684924359, 2.418217988330754), 2832.3861515594444 MeV, 1
[370], [0.0, 0.0, 0.0], (1, 0.26349648250236957, 1.9731747322477446), 43179.33651632483 MeV, 1
[371], [0.0, 0.0, 0.0], (1, 2.0427841571164507, 2.7667946363739935), 31.168348688704242 MeV, 1
[372], [0.0, 0.0, 0.0], (1, 2.5805009347962233, 2.71029334302899), 820.3810248551173 MeV, 1
[373], [0.0, 0.0, 0.0], (1, 2.8055653069100863, 2.492053619828017), 25970.145778996095 MeV, -1
[374], [0.0, 0.0, 0.0], (1, 3.5253605313238934, 2.797531462070631), 1215.027351040355 MeV, -1
[375], [0.0, 0.0, 0.0], (1, 4.45858346303369, 2.0683295972779545), 5807.260952400834 MeV, -1
[376], [0.0, 0.0, 0.0], (1, 0.9569941418117409, 2.715613648756362), 5073.259364354823 MeV, -1
[377], [0.0, 0.0, 0.0], (1, 2.853293950177779, 2.2903820315965304), 4859.485468166849 MeV, -1
[378], [0.0, 0.0, 0.0], (1, 3.5541461181531835, 2.860099134629036), 3453.6856827178967 MeV, -1
[379], [0.0, 0.0, 0.0], (1, 6.007407726879746, 2.4406512520005097), 1602.925089220702 MeV, -1
[380], [0.0, 0.0, 0.0], (1, 0.15373681203859046, 2.726898874726682), 8267.801053073614 MeV, 1
[381], [0.0, 0.0, 0.0], (1, 0.2659400657983948, 2.998702176835989), 5466.920826823198 MeV, 1
[382], [0.0, 0.0, 0.0], (1, 1.334319286580552, 2.335851990562099), 6145.865536401981 MeV, 1
[383], [0.0, 0.0, 0.0], (1, 2.9614123970318307, 2.3872252737725455), 805.019748426058 MeV, 1
[384], [0.0, 0.0, 0.0], (1, 2.8532434277921617, 2.3007363297368197), 11779.140300107934 MeV, 1
[385], [0.0, 0.0, 0.0], (1, 5.242687339065782, 2.5617370765691074), 3533.868541865281 MeV, 1
[386], [0.0, 0.0, 0.0], (1, 6.248610578970718, 2.989885574058854), 9544.107384845338 MeV, -1
[387], [0.0, 0.0, 0.0], (1, 5.325097354241457, 2.027352266163455), 65431.043587773216 MeV, -1
[388], [0.0, 0.0, 0.0], (1, 4.803273954172003, 2.364858226636208), 4264.238748960666 MeV, 1
[389], [0.0, 0.0, 0.0], (1, 3.0400886870273105, 2.9362839022255356), 935.4213033007444 MeV, -1
[390], [0.0, 0.0, 0.0], (1, 6.203511665764804, 2.3967628067217075), 4850.66711978848 MeV, 1
[391], [0.0, 0.0, 0.0], (1, 2.0697205871216138, 1.8556186086714592), 2920.4688097675926 MeV, 1
[392], [0.0, 0.0, 0.0], (1, 4.138330378744935, 2.2715559579884923), 23578.520033670535 MeV, -1
[393], [0.0, 0.0, 0.0], (1, 6.251964422379947, 2.6834780580056727), 415.82407361461856 MeV, 1
[394], [0.0, 0.0, 0.0], (1, 2.109277146209749, 2.5436232974024344), 1449.123614524913 MeV, -1
[395], [0.0, 0.0, 0.0], (1, 3.9776479199158636, 3.1283836945126775), 1153.0544133182952 MeV, -1
[396], [0.0, 0.0, 0.0], (1, 1.8608178573266247, 2.057774609722549), 3493.970409943852 MeV, -1
[397], [0.0, 0.0, 0.0], (1, 5.193597301397885, 2.486235039836848), 3571.382480155108 MeV, -1
[398], [0.0, 0.0, 0.0], (1, 3.529488108866114, 2.918590769263473), 1137.818780707019 MeV, 1
[399], [0.0, 0.0, 0.0], (1, 3.5430717951167114, 2.7923553326284276), 292.86035357445087 MeV, 1
[400], [0.0, 0.0, 0.0], (1, 1.7544279484633307, 2.276852570656442), 1826.831475255167 MeV, -1
[401], [0.0, 0.0, 0.0], (1, 0.21420541997772702, 2.3364866330148875), 1495.747371043785 MeV, -1
[402], [0.0, 0.0, 0.0], (1, 5.276262386188076, 2.2942345274670974), 1383.883431875836 MeV, -1
[403], [0.0, 0.0, 0.0], (1, 0.2607575608461463, 2.684577660710621), 905.464645582035 MeV, -1
[404], [0.0, 0.0, 0.0], (1, 4.681381809269955, 2.1862793820868784), 1149.1235610259916 MeV, -1
[405], [0.0, 0.0, 0.0], (1, 1.907579002260885, 2.6392418578674848), 971.8788976941728 MeV, 1
[406], [0.0, 0.0, 0.0], (1, 6.175834863892397, 2.0655256196895637), 2110.5584011206956 MeV, 1
[407], [0.0, 0.0, 0.0], (1, 1.3032267499464636, 2.0479331637625675), 3437.427558709608 MeV, 1
[408], [0.0, 0.0, 0.0], (1, 0.9576758715903075, 2.3335019062288125), 188.8549672149009 MeV, -1
[409], [0.0, 0.0, 0.0], (1, 6.096465273895944, 1.967430711711325), 5057.49841620259 MeV, 1
[410], [0.0, 0.0, 0.0], (1, 1.0490790888013857, 2.42730970849118), 5344.594417064108 MeV, -1
[411], [0.0, 0.0, 0.0], (1, 3.424798286664311, 2.2291217627097346), 70118.50353660989 MeV, -1
[412], [0.0, 0.0, 0.0], (1, 4.857458907580797, 3.019169070726588), 2960.3609206669416 MeV, -1
[413], [0.0, 0.0, 0.0], (1, 2.5537505380459145, 3.0300929011071984), 1568.983872719089 MeV, 1
[414], [0.0, 0.0, 0.0], (1, 3.3989483575818884, 2.99514065365902), 3119.014324598581 MeV, 1
[415], [0.0, 0.0, 0.0], (1, 5.971021018972278, 2.3274463307035584), 4297.858138453036 MeV, 1
[416], [0.0, 0.0, 0.0], (1, 2.7220071059652717, 2.7614571063596145), 848.0037563750648 MeV, -1
[417], [0.0, 0.0, 0.0], (1, 1.8684112796978027, 1.6199482701900572), 46292.83309268621 MeV, 1
[418], [0.0, 0.0, 0.0], (1, 5.593125565385284, 2.4484581009773683), 22810.508749895816 MeV, -1
[419], [0.0, 0.0, 0.0], (1, 2.080019874179394, 2.254522503144261), 1653.5959433618657 MeV, -1
[420], [0.0, 0.0, 0.0], (1, 4.454468229151928, 2.704613591019758), 43560.59966132696 MeV, -1
[421], [0.0, 0.0, 0.0], (1, 2.355831521442189, 2.0080502139244567), 2337.0385857519063 MeV, 1
[422], [0.0, 0.0, 0.0], (1, 2.9657680944644866, 2.334050410330557), 4457.234728460848 MeV, -1
[423], [0.0, 0.0, 0.0], (1, 1.76466802635926, 2.9572677020359723), 7240.322442861363 MeV, -1
[424], [0.0, 0.0, 0.0], (1, 5.660575049295322, 2.466863514822926), 40889.64553984218 MeV, 1
[425], [0.0, 0.0, 0.0], (1, 0.29951600584351823, 2.2610534094141164), 1235.3363245055339 MeV, 1
[426], [0.0, 0.0, 0.0], (1, 3.532451787565945, 2.695594687861326), 159.03884153075444 MeV, -1
[427], [0.0, 0.0, 0.0], (1, 0.4299999002898218, 2.5379198187275174), 749.4570928169701 MeV, 1
[428], [0.0, 0.0, 0.0], (1, 3.208767174115648, 2.417797358182125), 878.9987568810166 MeV, -1
[429], [0.0, 0.0, 0.0], (1, 0.06545604977374708, 2.981275967773528), 791.6604166814269 MeV, -1
[430], [0.0, 0.0, 0.0], (1, 2.3391646056853705, 2.9034383167699986), 435.77005559036655 MeV, -1
[431], [0.0, 0.0, 0.0], (1, 5.261394721877423, 2.3865020228029796), 2405.73447094453 MeV, 1
[432], [0.0, 0.0, 0.0], (1, 2.2576235500057003, 2.6054847006354005), 579.4593792090346 MeV, 1
[433], [0.0, 0.0, 0.0], (1, 3.9141098946403137, 2.261053301435485), 4344.532550337575 MeV, 1
[434], [0.0, 0.0, 0.0], (1, 0.06633417959384857, 1.9317115930214037), 1188.4202700813735 MeV, 1
[435], [0.0, 0.0, 0.0], (1, 4.45893971623255, 2.3526101635218266), 4829.881754953303 MeV, 1
[436], [0.0, 0.0, 0.0], (1, 3.599799615484156, 2.3396099309827307), 2314.2838698092482 MeV, -1
[437], [0.0, 0.0, 0.0], (1, 4.300248354862376, 2.7832889271097523), 5564.6171457858445 MeV, 1
[438], [0.0, 0.0, 0.0], (1, 5.536299969320753, 2.8276271295373516), 4393.194616687888 MeV, -1
[439], [0.0, 0.0, 0.0], (1, 0.4480259191220384, 2.5602877181999264), 57.25184971012312 MeV, 1
[440], [0.0, 0.0, 0.0], (1, 5.605727054673208, 2.7349222139870406), 930.329303502628 MeV, 1
[441], [0.0, 0.0, 0.0], (1, 5.451738610235063, 2.5999671854567787), 2381.711672340091 MeV, -1
[442], [0.0, 0.0, 0.0], (1, 3.8988160653500685, 2.915302205004259), 2583.702638039401 MeV, 1
[443], [0.0, 0.0, 0.0], (1, 5.245454042536622, 2.1880137728921127), 25832.657811228288 MeV, -1
[444], [0.0, 0.0, 0.0], (1, 5.265343266893594, 2.7134544895186363), 9648.407842055562 MeV, -1
[445], [0.0, 0.0, 0.0], (1, 3.5646995912827846, 2.395319018874031), 573.6548963377172 MeV, 1
[446], [0.0, 0.0, 0.0], (1, 1.3828562102173745, 2.68688325270864), 302.3693936895111 MeV, -1
[447], [0.0, 0.0, 0.0], (1, 1.2233708520359095, 2.860691215240884), 1677.0257822828473 MeV, -1
[448], [0.0, 0.0, 0.0], (1, 4.308287379726542, 2.477403941195261), 15846.564386655022 MeV, 1
[449], [0.0, 0.0, 0.0], (1, 2.18793661068133, 3.0024389106138076), 502.50434381098705 MeV, 1
[450], [0.0, 0.0, 0.0], (1, 1.1313072397557553, 2.5499991613979334), 2313.4369100383055 MeV, -1
[451], [0.0, 0.0, 0.0], (1, 5.9538431954490125, 2.710715726351425), 867.1669035174725 MeV, 1
[452], [0.0, 0.0, 0.0], (1, 3.8135824863865686, 2.8564673083844037), 1590.1910659732237 MeV, 1
[453], [0.0, 0.0, 0.0], (1, 2.395120455306497, 2.7131510747557317), 889.5440060091368 MeV, 1
[454], [0.0, 0.0, 0.0], (1, 0.10387172618373519, 2.1991085918157034), 2572.881408919945 MeV, 1
[455], [0.0, 0.0, 0.0], (1, 2.1933017168350304, 2.095438011638989), 1487.0080118720336 MeV, 1
[456], [0.0, 0.0, 0.0], (1, 5.283602011403772, 2.512081707376338), 396.3160980764079 MeV, -1
[457], [0.0, 0.0, 0.0], (1, 2.169590862177653, 2.768139121785687), 546.3327034783921 MeV, 1
[458], [0.0, 0.0, 0.0], (1, 5.448146158747685, 1.756828720207634), 209998.32779849283 MeV, 1
[459], [0.0, 0.0, 0.0], (1, 4.904361860147329, 2.5220357983893655), 1408.8094764700509 MeV, 1
[460], [0.0, 0.0, 0.0], (1, 2.508017699144961, 2.20732328528117), 3812.9222790797094 MeV, 1
[461], [0.0, 0.0, 0.0], (1, 4.929801239111244, 2.6694524582848405), 1455.7167392549818 MeV, 1
[462], [0.0, 0.0, 0.0], (1, 3.9984840503987726, 2.5431356377347054), 219.28638633841763 MeV, -1
[463], [0.0, 0.0, 0.0], (1, 3.1175723736721235, 2.4124870508945895), 468.6807512040812 MeV, -1
[464], [0.0, 0.0, 0.0], (1, 0.7161354053632447, 2.9705436404293764), 5422.746137288089 MeV, -1
[465], [0.0, 0.0, 0.0], (1, 2.527763153583649, 2.6701822810367544), 485.3426542865123 MeV, 1
[466], [0.0, 0.0, 0.0], (1, 3.2268947200835587, 2.57926487394258), 6587.236666193498 MeV, -1
[467], [0.0, 0.0, 0.0], (1, 3.3734607554173186, 2.8823500337705625), 17753.98095088631 MeV, 1
[468], [0.0, 0.0, 0.0], (1, 4.225805735909036, 2.221129890761328), 2575.9325901335515 MeV, -1
[469], [0.0, 0.0, 0.0], (1, 1.1294539178158711, 2.6380120498438755), 4616.7174883589005 MeV, 1
[470], [0.0, 0.0, 0.0], (1, 3.9819300198116325, 2.892960275610071), 4638.385969524384 MeV, -1
[471], [0.0, 0.0, 0.0], (1, 3.627159622714415, 2.8094267713270518), 10475.463414219172 MeV, 1
[472], [0.0, 0.0, 0.0], (1, 6.045072288979398, 2.501969439678112), 9231.768882620083 MeV, 1
[473], [0.0, 0.0, 0.0], (1, 5.42323447208333, 2.7034590354801873), 752.3907782897393 MeV, -1
[474], [0.0, 0.0, 0.0], (1, 6.037598179264489, 2.4644661534588903), 11694.766676062967 MeV, 1
[475], [0.0, 0.0, 0.0], (1, 5.181045039269186, 2.7752750051134933), 1383.6571180581977 MeV, 1
[476], [0.0, 0.0, 0.0], (1, 5.921611250551514, 2.36105686685126), 608.0340681722834 MeV, 1
[477], [0.0, 0.0, 0.0], (1, 2.505501445319389, 2.540246034208152), 2310.7117252099943 MeV, -1
[478], [0.0, 0.0, 0.0], (1, 0.5570784405575733, 2.6722684188533647), 4468.948659551608 MeV, -1
[479], [0.0, 0.0, 0.0], (1, 2.395816943293706, 2.951187261931673), 4335.910889764401 MeV, -1
[480], [0.0, 0.0, 0.0], (1, 5.783373442418728, 2.4737829187006852), 2655.0111442724433 MeV, 1
[481], [0.0, 0.0, 0.0], (1, 0.6616291457623689, 2.5914296912566597), 1499.8621808102944 MeV, -1
[482], [0.0, 0.0, 0.0], (1, 5.992463057212035, 2.742235780634852), 1024.1873354524002 MeV, 1
[483], [0.0, 0.0, 0.0], (1, 1.2777644158452333, 2.4747228944941497), 852.9615521797946 MeV, 1
[484], [0.0, 0.0, 0.0], (1, 5.00079560372072, 2.6564805612899907), 37851.22547174904 MeV, 1
[485], [0.0, 0.0, 0.0], (1, 0.4428475392880209, 2.8149775805651718), 246.26475679170377 MeV, 1
[486], [0.0, 0.0, 0.0], (1, 4.702274505075467, 2.8219587867613347), 8077.708267922107 MeV, -1
[487], [0.0, 0.0, 0.0], (1, 0.9202745353012922, 2.450701498833812), 17533.798013011576 MeV, 1
[488], [0.0, 0.0, 0.0], (1, 0.19840804501906995, 2.7928359240537697), 18540.022372115942 MeV, -1
[489], [0.0, 0.0, 0.0], (1, 2.5850023052335995, 1.9910853209987678), 3515.2602933074477 MeV, 1
[490], [0.0, 0.0, 0.0], (1, 4.915687696972471, 2.787314931876639), 406.91622842466757 MeV, -1
[491], [0.0, 0.0, 0.0], (1, 4.9429497968855465, 2.400165566734775), 698.8826858715234 MeV, 1
[492], [0.0, 0.0, 0.0], (1, 1.583493857428941, 2.6119628223581306), 248.40032705537786 MeV, 1
[493], [0.0, 0.0, 0.0], (1, 0.4393158536347208, 2.665733935138615), 2532.587800291483 MeV, -1
[494], [0.0, 0.0, 0.0], (1, 1.4764844113435558, 2.334090211951007), 79.34204831324543 MeV, 1
[495], [0.0, 0.0, 0.0], (1, 3.737235740089768, 2.6651586244580923), 2482.7318567297866 MeV, 1
[496], [0.0, 0.0, 0.0], (1, 0.5240505704783303, 2.4155362908401727), 224.6005254712322 MeV, -1
[497], [0.0, 0.0, 0.0], (1, 0.9632191093398852, 2.251767034700127), 886.7474972619274 MeV, -1
[498], [0.0, 0.0, 0.0], (1, 1.8477100303685638, 2.7706449471640373), 427.90583205794 MeV, -1
[499], [0.0, 0.0, 0.0], (1, 3.0842389438610383, 2.3290062547155723), 698.2408564790092 MeV, -1
[500], [0.0, 0.0, 0.0], (1, 6.1293872005154295, 2.6527543439756593), 8159.850231075457 MeV, 1
[501], [0.0, 0.0, 0.0], (1, 2.7794943328048944, 2.442761290803022), 344.9013186898809 MeV, -1
[502], [0.0, 0.0, 0.0], (1, 2.759625786003962, 2.177974585622128), 6559.255837163995 MeV, -1
[503], [0.0, 0.0, 0.0], (1, 3.037818090033767, 2.8255626879951383), 3159.4343515461624 MeV, 1
[504], [0.0, 0.0, 0.0], (1, 5.269415307910904, 2.3033180994666504), 737.1910064317557 MeV, -1
[505], [0.0, 0.0, 0.0], (1, 3.84246815318226, 2.6478892439545874), 3020.7882969137445 MeV, 1
[506], [0.0, 0.0, 0.0], (1, 5.160239878108268, 2.6444406402641434), 819.7235640820894 MeV, 1
[507], [0.0, 0.0, 0.0], (1, 5.249031364467177, 2.062576825169673), 489.03337837359436 MeV, 1
[508], [0.0, 0.0, 0.0], (1, 0.9845288509358845, 2.252665454740423), 5649.592049537199 MeV, 1
[509], [0.0, 0.0, 0.0], (1, 3.7736804645628794, 2.6224869433838793), 1292.8384955466704 MeV, 1
[510], [0.0, 0.0, 0.0], (1, 3.6500413638519786, 2.9074406181716683), 3786.8523803424746 MeV, -1
[511], [0.0, 0.0, 0.0], (1, 1.1144873828959962, 2.9447706704649415), 1519.7777807206942 MeV, 1
[512], [0.0, 0.0, 0.0], (1, 4.7105686466149805, 2.1885111321856243), 9306.699188190687 MeV, -1
[513], [0.0, 0.0, 0.0], (1, 2.149366519624621, 2.7365959158358426), 7398.6462424689125 MeV, 1
[514], [0.0, 0.0, 0.0], (1, 3.990035822383608, 2.2927904774612005), 190.4664462719182 MeV, -1
[515], [0.0, 0.0, 0.0], (1, 1.2116374733664577, 2.5830169733039705), 676.8867365565936 MeV, 1
[516], [0.0, 0.0, 0.0], (1, 2.3732299322590933, 2.3834994831449503), 9358.623635701517 MeV, 1
[517], [0.0, 0.0, 0.0], (1, 5.7355500583949715, 2.6382583283237384), 6168.792532798886 MeV, 1
[518], [0.0, 0.0, 0.0], (1, 0.29745012247182956, 2.4248666447889624), 894.6622930664856 MeV, 1
[519], [0.0, 0.0, 0.0], (1, 3.447220649449127, 2.2723005762454003), 3046.230149750056 MeV, -1
[520], [0.0, 0.0, 0.0], (1, 4.281306572364086, 3.034376767080308), 382.89206245437606 MeV, 1
[521], [0.0, 0.0, 0.0], (1, 0.7164831803493783, 2.100934458318439), 24408.48479673396 MeV, 1
[522], [0.0, 0.0, 0.0], (1, 4.47742739420438, 2.885577156009539), 598.7025687559697 MeV, -1
[523], [0.0, 0.0, 0.0], (1, 3.420393062651815, 2.2855691535855662), 14201.967682262068 MeV, 1
[524], [0.0, 0.0, 0.0], (1, 1.2710358405117148, 2.9339172818586867), 3339.742452995405 MeV, -1
[525], [0.0, 0.0, 0.0], (1, 5.0984019909118565, 2.820292508123474), 498.29436128698427 MeV, -1
[526], [0.0, 0.0, 0.0], (1, 3.7673053867525716, 2.0314677943752617), 5417.006517143888 MeV, 1
[527], [0.0, 0.0, 0.0], (1, 5.207531433114484, 2.927655024524896), 16995.950362871576 MeV, -1
[528], [0.0, 0.0, 0.0], (1, 5.232638165861701, 2.6388443648903754), 3724.895083730089 MeV, 1
[529], [0.0, 0.0, 0.0], (1, 4.417908558098452, 2.6904229918932736), 845.7195385596042 MeV, 1
[530], [0.0, 0.0, 0.0], (1, 0.9952402601554073, 2.8352301537293694), 1469.678075316933 MeV, -1
[531], [0.0, 0.0, 0.0], (1, 5.0629565739309115, 2.8244622185418105), 944.7278630414745 MeV, 1
[532], [0.0, 0.0, 0.0], (1, 1.8707719344585136, 2.6118543648045267), 2165.6146639596923 MeV, 1
[533], [0.0, 0.0, 0.0], (1, 3.0964424566969697, 2.683583756429453), 2985.308302603984 MeV, -1
[534], [0.0, 0.0, 0.0], (1, 0.8458004865205169, 2.7687579033770366), 468.8331485528068 MeV, 1
[535], [0.0, 0.0, 0.0], (1, 6.268822097042596, 2.49419047937109), 3838.8839580211056 MeV, -1
[536], [0.0, 0.0, 0.0], (1, 3.476407810986702, 2.7028478991858274), 1417.6459348636733 MeV, -1
[537], [0.0, 0.0, 0.0], (1, 6.230816111615319, 2.8679574561060246), 1771.7445790054167 MeV, -1
[538], [0.0, 0.0, 0.0], (1, 5.868717255863704, 2.137671829104913), 1527.1178128656443 MeV, -1
[539], [0.0, 0.0, 0.0], (1, 6.155733870898452, 2.6524006678657996), 1675.903085315606 MeV, -1
[540], [0.0, 0.0, 0.0], (1, 5.7238442446030104, 2.5973703309708283), 1125.192417065732 MeV, 1
[541], [0.0, 0.0, 0.0], (1, 2.3757957924044195, 2.323475550546056), 1511.616954029369 MeV, -1
[542], [0.0, 0.0, 0.0], (1, 0.41249058598825883, 2.6035637196404733), 92.17305665046938 MeV, -1
[543], [0.0, 0.0, 0.0], (1, 2.864793880305042, 2.223538939557402), 6547.083178654855 MeV, -1
[544], [0.0, 0.0, 0.0], (1, 2.5426819765986757, 2.5163300962867967), 4487.702421396837 MeV, -1
[545], [0.0, 0.0, 0.0], (1, 4.856369114264714, 2.93930202025992), 4687.298195426105 MeV, 1
[546], [0.0, 0.0, 0.0], (1, 3.4819825583148667, 2.1001916363429745), 58215.90644902147 MeV, -1
[547], [0.0, 0.0, 0.0], (1, 0.643155484884403, 2.8808742256668336), 863.1062597378256 MeV, -1
[548], [0.0, 0.0, 0.0], (1, 0.31941606689076707, 2.1487095360213204), 2128.383364486455 MeV, 1
[549], [0.0, 0.0, 0.0], (1, 0.49442280942474515, 2.1692740676840163), 2714.2175840537825 MeV, -1
[550], [0.0, 0.0, 0.0], (1, 2.9328950995414083, 2.7399346878818593), 601.537425704524 MeV, 1
[551], [0.0, 0.0, 0.0], (1, 2.948259877225155, 2.9243692357045616), 1501.1358018864908 MeV, 1
[552], [0.0, 0.0, 0.0], (1, 3.464391717868338, 2.597680491947081), 3655.956627994405 MeV, 1
[553], [0.0, 0.0, 0.0], (1, 4.943098724483158, 2.7545351011052195), 87.55704712547444 MeV, 1
[554], [0.0, 0.0, 0.0], (1, 4.700302342148318, 2.66515795191639), 7614.6148363679085 MeV, 1
[555], [0.0, 0.0, 0.0], (1, 2.0918386609426953, 2.3443682247146054), 35.33770416084043 MeV, -1
[556], [0.0, 0.0, 0.0], (1, 3.777573387970116, 3.030168339313437), 9628.802751023824 MeV, 1
[557], [0.0, 0.0, 0.0], (1, 4.754935221386159, 2.527573772071093), 4117.920424470216 MeV, 1
[558], [0.0, 0.0, 0.0], (1, 5.736556229157161, 2.6176659850309614), 3263.558194915624 MeV, 1
[559], [0.0, 0.0, 0.0], (1, 5.912510105844362, 2.748224971943332), 19200.907832051904 MeV, 1
[560], [0.0, 0.0, 0.0], (1, 5.327961370355538, 2.442743417757957), 1178.1376693150285 MeV, 1
[561], [0.0, 0.0, 0.0], (1, 4.06482014275169, 2.5919518312110865), 2152.2056796095985 MeV, -1
[562], [0.0, 0.0, 0.0], (1, 0.8224656674698814, 2.926811182985303), 3781.597260795842 MeV, -1
[563], [0.0, 0.0, 0.0], (1, 1.276623159618815, 2.5115584753847493), 1006.6007517512699 MeV, -1
[564], [0.0, 0.0, 0.0], (1, 0.04261926370640534, 2.537047495317146), 2324.5519540928813 MeV, -1
[565], [0.0, 0.0, 0.0], (1, 2.204265348742851, 2.880865819683368), 12724.80149991712 MeV, 1
[566], [0.0, 0.0, 0.0], (1, 4.190880628408834, 2.663309097417682), 1412.3565220819178 MeV, 1
[567], [0.0, 0.0, 0.0], (1, 1.7723590725260898, 2.619014401670354), 324.822683730878 MeV, -1
[568], [0.0, 0.0, 0.0], (1, 4.94485689725335, 2.750585043500778), 242.5387326753613 MeV, 1
[569], [0.0, 0.0, 0.0], (1, 5.1670593920937, 2.6383581315975726), 833.1746705300241 MeV, 1
[570], [0.0, 0.0, 0.0], (1, 0.05013076908500835, 2.6792774608579597), 7611.092646314275 MeV, 1
[571], [0.0, 0.0, 0.0], (1, 5.480932362472725, 2.3544423589769443), 3455.6061660074606 MeV, 1
[572], [0.0, 0.0, 0.0], (1, 3.166349364144727, 2.284819401415946), 61241.59218593406 MeV, 1
[573], [0.0, 0.0, 0.0], (1, 0.21064023470161253, 2.4393360995745734), 5133.543677129173 MeV, -1
[574], [0.0, 0.0, 0.0], (1, 0.02977269622855161, 1.9737277976771026), 929.8328299675255 MeV, 1
[575], [0.0, 0.0, 0.0], (1, 0.4506519478479687, 2.9953122154706873), 2716.96516806493 MeV, 1
[576], [0.0, 0.0, 0.0], (1, 4.3201887588723284, 3.0264288410040856), 5263.63878853785 MeV, 1
[577], [0.0, 0.0, 0.0], (1, 4.916457770095322, 2.370862672642026), 2956.256073115755 MeV, 1
[578], [0.0, 0.0, 0.0], (1, 0.0513117622174466, 2.5866544702596985), 914.3734205000922 MeV, -1
[579], [0.0, 0.0, 0.0], (1, 4.323089666356863, 2.811902124563114), 3297.54157486544 MeV, 1
[580], [0.0, 0.0, 0.0], (1, 3.2803466237456504, 2.5585826402559295), 2695.3934818037856 MeV, -1
[581], [0.0, 0.0, 0.0], (1, 1.54400816010686, 2.5241529392621413), 1276.3544861151643 MeV, 1
[582], [0.0, 0.0, 0.0], (1, 1.4200531314990101, 2.221827336326695), 1501.5751679797245 MeV, 1
[583], [0.0, 0.0, 0.0], (1, 1.7903556336927764, 2.2104960480862332), 637.6482583614719 MeV, 1
[584], [0.0, 0.0, 0.0], (1, 6.044252047198432, 2.7574691270665963), 7796.917380890423 MeV, -1
[585], [0.0, 0.0, 0.0], (1, 0.8364310395357908, 1.8153512263867813), 12393.151338966134 MeV, -1
[586], [0.0, 0.0, 0.0], (1, 5.31629954047822, 2.5005790825294456), 550.6683294909647 MeV, 1
[587], [0.0, 0.0, 0.0], (1, 4.111859867333907, 2.872787782245875), 18140.678038352515 MeV, 1
[588], [0.0, 0.0, 0.0], (1, 1.638110568474949, 2.3353307769747502), 602.1070630599928 MeV, -1
[589], [0.0, 0.0, 0.0], (1, 4.154884677016854, 2.2837568827606827), 2787.9770001605953 MeV, 1
[590], [0.0, 0.0, 0.0], (1, 1.7938586662451694, 2.109593288766421), 2945.677730729109 MeV, -1
[591], [0.0, 0.0, 0.0], (1, 3.9424079323477823, 2.336797407710591), 1467.224808073156 MeV, 1
[592], [0.0, 0.0, 0.0], (1, 2.7928172294789704, 2.6966839337465713), 2217.7569914122364 MeV, 1
[593], [0.0, 0.0, 0.0], (1, 0.9155852784099814, 2.2261059617667547), 747.3826326486087 MeV, -1
[594], [0.0, 0.0, 0.0], (1, 2.1509189154131327, 2.6486228892670507), 3371.1227381180374 MeV, 1
[595], [0.0, 0.0, 0.0], (1, 0.274318774264235, 2.8866926288436696), 4910.238546810089 MeV, 1
[596], [0.0, 0.0, 0.0], (1, 4.681986738133194, 2.2638441911832303), 28276.213957321554 MeV, -1
[597], [0.0, 0.0, 0.0], (1, 4.199453114712893, 2.941393938466488), 4847.150461848283 MeV, -1
[598], [0.0, 0.0, 0.0], (1, 2.7985920711727754, 3.029476634738498), 2181.4126117577784 MeV, -1
[599], [0.0, 0.0, 0.0], (1, 0.96521673035007, 2.5534800529256207), 665.332574425113 MeV, -1
[600], [0.0, 0.0, 0.0], (1, 4.249313416904258, 2.600995736953447), 41705.75551047255 MeV, 1
[601], [0.0, 0.0, 0.0], (1, 1.2622660880954992, 2.076679613278407), 6215.110245710905 MeV, -1
[602], [0.0, 0.0, 0.0], (1, 1.1644271753107631, 2.0615545125577004), 13647.985619940982 MeV, 1
[603], [0.0, 0.0, 0.0], (1, 4.310805181276653, 2.2015941745733616), 1577.4311362052113 MeV, -1
[604], [0.0, 0.0, 0.0], (1, 5.712371638574989, 2.5328791661097214), 4873.131383149199 MeV, 1
[605], [0.0, 0.0, 0.0], (1, 0.27945021488060995, 2.335291193877675), 1154.7300625352277 MeV, 1
[606], [0.0, 0.0, 0.0], (1, 5.98562493128393, 3.056075498194384), 11825.358542397682 MeV, 1
[607], [0.0, 0.0, 0.0], (1, 0.857756926559901, 2.381713901118281), 1674.4560105659834 MeV, -1
[608], [0.0, 0.0, 0.0], (1, 4.554293846643242, 2.2503218079962215), 1333.768480329029 MeV, -1
[609], [0.0, 0.0, 0.0], (1, 3.3154141315542143, 2.950803681688783), 4355.56404771475 MeV, -1
[610], [0.0, 0.0, 0.0], (1, 2.767132371150174, 2.3576103984065817), 1556.5427674412394 MeV, 1
[611], [0.0, 0.0, 0.0], (1, 4.603853063019644, 2.654614486502289), 2999.415787267024 MeV, 1
[612], [0.0, 0.0, 0.0], (1, 2.8199385768509, 2.4962630892660904), 72.9576930162361 MeV, 1
[613], [0.0, 0.0, 0.0], (1, 5.953088245631074, 2.631068249341077), 1590.3290328188011 MeV, 1
[614], [0.0, 0.0, 0.0], (1, 3.4915025196129372, 2.9934588265773465), 3796.651284932294 MeV, 1
[615], [0.0, 0.0, 0.0], (1, 3.2417149214504475, 2.3699764432370607), 1221.8425825416582 MeV, -1
[616], [0.0, 0.0, 0.0], (1, 2.647886577241138, 2.5035344943819524), 1370.7633779328548 MeV, -1
[617], [0.0, 0.0, 0.0], (1, 2.4054344034805553, 1.9344817010515292), 11886.341074594855 MeV, 1
[618], [0.0, 0.0, 0.0], (1, 4.321571963597735, 2.8646734281989845), 8204.683119627723 MeV, -1
[619], [0.0, 0.0, 0.0], (1, 1.1291625458910115, 2.633428806889729), 673.5667305186896 MeV, 1
[620], [0.0, 0.0, 0.0], (1, 6.260509891439261, 2.2776733786323002), 2411.4901988135853 MeV, -1
[621], [0.0, 0.0, 0.0], (1, 5.16691351759406, 2.8868321597880238), 10585.328219240611 MeV, -1
[622], [0.0, 0.0, 0.0], (1, 0.5288849855376476, 2.8277407977853244), 5004.805929956258 MeV, -1
[623], [0.0, 0.0, 0.0], (1, 2.3832662092562327, 2.8162349792093893), 10580.987700005906 MeV, 1
[624], [0.0, 0.0, 0.0], (1, 3.9036866004547646, 2.5102605761902796), 1121.4337010756517 MeV, 1
[625], [0.0, 0.0, 0.0], (1, 2.173907160717418, 2.6302197301445354), 1321.9041134502681 MeV, 1
[626], [0.0, 0.0, 0.0], (1, 4.757343175509657, 2.3163450987622722), 3050.280863176656 MeV, 1
[627], [0.0, 0.0, 0.0], (1, 5.87959446291867, 2.4830751523806804), 1202.8952501967544 MeV, -1
[628], [0.0, 0.0, 0.0], (1, 0.9201346929876273, 2.058105955576652), 12829.750948110279 MeV, -1
[629], [0.0, 0.0, 0.0], (1, 1.3624940947359505, 2.5375935339920006), 2217.7266562979976 MeV, 1
[630], [0.0, 0.0, 0.0], (1, 2.1481404586712003, 2.424419096295911), 3286.9622059426106 MeV, -1
[631], [0.0, 0.0, 0.0], (1, 0.5301217627470729, 2.597846069537534), 8677.693545874785 MeV, 1
[632], [0.0, 0.0, 0.0], (1, 1.8121992553919295, 2.6486384599595474), 1184.7224931729197 MeV, 1
[633], [0.0, 0.0, 0.0], (1, 3.755263822985736, 2.7977715701597594), 3943.883293900216 MeV, 1
[634], [0.0, 0.0, 0.0], (1, 6.0069177644560705, 2.652941230635681), 2847.7806886744384 MeV, -1
[635], [0.0, 0.0, 0.0], (1, 3.145386328294948, 2.2619471587728484), 28431.655645275583 MeV, 1
[636], [0.0, 0.0, 0.0], (1, 0.17680654567640275, 2.8437262747015155), 831.4087372592566 MeV, -1
[637], [0.0, 0.0, 0.0], (1, 2.229727041832721, 2.5191359471095303), 2244.450084487971 MeV, -1
[638], [0.0, 0.0, 0.0], (1, 0.3450455161481649, 2.9744710530168614), 2817.7437009892733 MeV, -1
[639], [0.0, 0.0, 0.0], (1, 3.3605965112591303, 2.249294282456484), 1242.1593230718481 MeV, -1
[640], [0.0, 0.0, 0.0], (1, 3.4943700208542223, 2.3057575058485895), 150.6160802305115 MeV, 1
[641], [0.0, 0.0, 0.0], (1, 1.7660770145666635, 2.988944445779851), 1041.7014484534022 MeV, -1
[642], [0.0, 0.0, 0.0], (1, 0.12823551547490197, 2.679132609204898), 8654.593581583782 MeV, -1
[643], [0.0, 0.0, 0.0], (1, 3.1843413186689693, 2.2649603769120255), 13131.658205063684 MeV, -1
[644], [0.0, 0.0, 0.0], (1, 3.9982905929333104, 2.663357594901016), 5576.555276801904 MeV, 1
[645], [0.0, 0.0, 0.0], (1, 2.859799631307421, 2.354104725186537), 11030.50157701837 MeV, 1
[646], [0.0, 0.0, 0.0], (1, 2.795739131214333, 1.8448511954458913), 17255.116967425925 MeV, 1
[647], [0.0, 0.0, 0.0], (1, 4.679842062705944, 2.3099938969422738), 6861.388776731592 MeV, 1
[648], [0.0, 0.0, 0.0], (1, 1.203288097031482, 2.9056033835654076), 1411.6413807057095 MeV, -1
[649], [0.0, 0.0, 0.0], (1, 0.2505464039643739, 2.729920600322333), 1180.76318372444 MeV, 1
[650], [0.0, 0.0, 0.0], (1, 0.7057598049458971, 2.702648745051655), 2656.054154929864 MeV, 1
[651], [0.0, 0.0, 0.0], (1, 4.012769333570411, 2.517473850760495), 2436.4201466291906 MeV, -1
[652], [0.0, 0.0, 0.0], (1, 1.8301983985976733, 2.1545854603813575), 11605.577680314615 MeV, -1
[653], [0.0, 0.0, 0.0], (1, 1.2234817762696917, 2.7339712544211867), 791.2886777644462 MeV, -1
[654], [0.0, 0.0, 0.0], (1, 5.796305320109342, 2.4006558269797296), 1233.9357583754631 MeV, -1
[655], [0.0, 0.0, 0.0], (1, 3.1130072345955213, 2.207929673196654), 591.3030646572938 MeV, 1
[656], [0.0, 0.0, 0.0], (1, 3.224432537639715, 2.7825641876865967), 3626.8880271218754 MeV, -1
[657], [0.0, 0.0, 0.0], (1, 5.284554021401345, 2.4685948105365045), 839.383372023826 MeV, 1
[658], [0.0, 0.0, 0.0], (1, 3.891772051150242, 2.3754762994649), 6484.35796325408 MeV, -1
[659], [0.0, 0.0, 0.0], (1, 2.1211161673300793, 2.397073246011937), 1572.7577961032148 MeV, -1
[660], [0.0, 0.0, 0.0], (1, 1.8559289515417383, 2.4689364330519794), 14415.222955092251 MeV, -1
[661], [0.0, 0.0, 0.0], (1, 1.8203249393887564, 2.313080768652789), 12356.986309574428 MeV, -1
[662], [0.0, 0.0, 0.0], (1, 0.9251839491731362, 2.8911715321834506), 1856.137918344756 MeV, -1
[663], [0.0, 0.0, 0.0], (1, 5.4751989784983035, 2.724775754015248), 4530.669081483912 MeV, -1
[664], [0.0, 0.0, 0.0], (1, 4.891076361765871, 2.4981334158296296), 3763.5137101067758 MeV, 1
[665], [0.0, 0.0, 0.0], (1, 2.1914063757676985, 1.7241039689547655), 12216.37188394174 MeV, -1
[666], [0.0, 0.0, 0.0], (1, 6.231324926254484, 2.8004016518634023), 13213.86092353447 MeV, 1
[667], [0.0, 0.0, 0.0], (1, 1.8761393798622574, 2.8450240695790376), 173.62155084110742 MeV, 1
[668], [0.0, 0.0, 0.0], (1, 1.3029234732064285, 2.37663768887205), 221.0886978313117 MeV, 1
[669], [0.0, 0.0, 0.0], (1, 0.5949288872525873, 2.236708446763479), 2782.3709219991397 MeV, -1
[670], [0.0, 0.0, 0.0], (1, 0.38158168563794703, 2.526479698984399), 12719.536662961777 MeV, -1
[671], [0.0, 0.0, 0.0], (1, 4.618744588032836, 2.747868262867948), 79.48507319669895 MeV, -1
[672], [0.0, 0.0, 0.0], (1, 3.0661767268637696, 2.4271428724482207), 2657.7797149375388 MeV, -1
[673], [0.0, 0.0, 0.0], (1, 3.775813685022432, 2.602576202079549), 2720.443235037673 MeV, -1
[674], [0.0, 0.0, 0.0], (1, 1.0053529443510225, 2.6364392834140933), 7206.6440953748015 MeV, 1
[675], [0.0, 0.0, 0.0], (1, 4.877436614305109, 2.673447822074073), 172.98217058254008 MeV, 1
[676], [0.0, 0.0, 0.0], (1, 2.077259641547256, 2.9115899108512435), 491.1511642664625 MeV, -1
[677], [0.0, 0.0, 0.0], (1, 4.935372551843315, 2.503131606651273), 90.38619457555905 MeV, 1
[678], [0.0, 0.0, 0.0], (1, 0.3702082987885351, 3.001315078258026), 398.78060869344193 MeV, -1
[679], [0.0, 0.0, 0.0], (1, 2.47039604355094, 2.071934740382715), 9896.184295692141 MeV, 1
[680], [0.0, 0.0, 0.0], (1, 5.861835787744916, 2.5295930213072806), 988.3504382477975 MeV, -1
[681], [0.0, 0.0, 0.0], (1, 6.133290366471443, 1.984185162311098), 10148.383803702967 MeV, -1
[682], [0.0, 0.0, 0.0], (1, 2.9898402372659802, 2.967278624794263), 11685.383326256613 MeV, 1
[683], [0.0, 0.0, 0.0], (1, 6.140329018396928, 2.432090261741905), 2093.625033584314 MeV, -1
[684], [0.0, 0.0, 0.0], (1, 0.09825774499051043, 2.065035474663776), 4863.083810041304 MeV, 1
[685], [0.0, 0.0, 0.0], (1, 5.504451112074168, 3.081231912755494), 2377.0455856521066 MeV, 1
[686], [0.0, 0.0, 0.0], (1, 4.507506126245959, 3.0600441120196606), 5758.759899894887 MeV, 1
[687], [0.0, 0.0, 0.0], (1, 4.610554740828136, 2.646868094452211), 901.1794815454366 MeV, 1
[688], [0.0, 0.0, 0.0], (1, 0.18981482834636054, 2.4330421948255814), 1334.280239497178 MeV, -1
[689], [0.0, 0.0, 0.0], (1, 2.326999061423404, 2.9072966538325176), 1682.4225610048522 MeV, -1
[690], [0.0, 0.0, 0.0], (1, 2.7620560619499273, 2.7475210359508466), 190.0257958516208 MeV, 1
[691], [0.0, 0.0, 0.0], (1, 4.579684934638911, 2.8291288894421958), 323.6445217500943 MeV, -1
[692], [0.0, 0.0, 0.0], (1, 3.2431731556156205, 2.530888853690554), 935.1073941340959 MeV, -1
[693], [0.0, 0.0, 0.0], (1, 0.5775869552148274, 2.5271349151699916), 1118.7418209914579 MeV, 1
[694], [0.0, 0.0, 0.0], (1, 0.24699176694176828, 2.38709632089516), 1845.9336710778975 MeV, -1
[695], [0.0, 0.0, 0.0], (1, 0.8104188155013148, 2.7769004497588563), 815.4003571978664 MeV, 1
[696], [0.0, 0.0, 0.0], (1, 4.5696244607402505, 2.8548559672122815), 2710.982384559357 MeV, -1
[697], [0.0, 0.0, 0.0], (1, 4.5983124419487345, 2.0367177001274337), 55820.30756328238 MeV, -1
[698], [0.0, 0.0, 0.0], (1, 2.34905874465554, 2.816173136179373), 1540.6047154460512 MeV, -1
[699], [0.0, 0.0, 0.0], (1, 0.9639946990944797, 2.6114953149333275), 2139.8649001442486 MeV, -1
[700], [0.0, 0.0, 0.0], (1, 2.134077566446571, 3.01857824134291), 198.23344057474813 MeV, -1
[701], [0.0, 0.0, 0.0], (1, 4.3232768249554265, 2.504078377317873), 1383.7828833210726 MeV, 1
[702], [0.0, 0.0, 0.0], (1, 3.6978630052592316, 2.897164739018331), 920.1574597923099 MeV, 1
[703], [0.0, 0.0, 0.0], (1, 3.4071926852571917, 2.6066436287109322), 1907.80359148016 MeV, 1
[704], [0.0, 0.0, 0.0], (1, 2.276571445403725, 2.2888960913760177), 22368.73181018312 MeV, 1
[705], [0.0, 0.0, 0.0], (1, 5.969526350524774, 2.3696477749391627), 1600.9644736064922 MeV, -1
[706], [0.0, 0.0, 0.0], (1, 2.581607707560048, 2.2266699391321065), 5470.490737193774 MeV, -1
[707], [0.0, 0.0, 0.0], (1, 6.006277325018143, 2.550679873203774), 4217.985413714463 MeV, 1
[708], [0.0, 0.0, 0.0], (1, 0.27130513876482, 2.6757211805357697), 4331.989704481866 MeV, 1
[709], [0.0, 0.0, 0.0], (1, 4.446694079884806, 2.8411834375112046), 1615.4668292077206 MeV, -1
[710], [0.0, 0.0, 0.0], (1, 1.2144408651962433, 2.2918548818119957), 5483.888405001751 MeV, 1
[711], [0.0, 0.0, 0.0], (1, 4.043018121438469, 2.87917173926302), 1585.8898323506523 MeV, -1
[712], [0.0, 0.0, 0.0], (1, 5.739511346365637, 2.141215848266269), 5067.095254966238 MeV, 1
[713], [0.0, 0.0, 0.0], (1, 1.3211595317039873, 2.775607725862844), 620.9846017131816 MeV, -1
[714], [0.0, 0.0, 0.0], (1, 0.5706046485786782, 2.6524885436514056), 731.3901110424677 MeV, 1
[715], [0.0, 0.0, 0.0], (1, 5.170352093121695, 2.7748347763575643), 269.4688313885489 MeV, -1
[716], [0.0, 0.0, 0.0], (1, 2.631946378858567, 2.6502069367977175), 5237.455785400904 MeV, 1
[717], [0.0, 0.0, 0.0], (1, 1.9086841997290698, 2.35187956660409), 10901.680780381808 MeV, 1
[718], [0.0, 0.0, 0.0], (1, 4.927052682004236, 2.8683649778562414), 1349.0147400834267 MeV, 1
[719], [0.0, 0.0, 0.0], (1, 1.3084693513469539, 2.5095272155526054), 2670.536117795073 MeV, 1
[720], [0.0, 0.0, 0.0], (1, 5.976578025785997, 2.8889327583849918), 717.9426171414217 MeV, 1
[721], [0.0, 0.0, 0.0], (1, 5.0479579632814975, 2.101809623751227), 409.86215872670687 MeV, -1
[722], [0.0, 0.0, 0.0], (1, 2.0366283880727067, 2.410549130374926), 1999.511232450058 MeV, 1
[723], [0.0, 0.0, 0.0], (1, 4.989620510961348, 2.4444289952210783), 3664.6346988214304 MeV, -1
[724], [0.0, 0.0, 0.0], (1, 3.4612875058852417, 2.8253918787742234), 3493.9131358094714 MeV, 1
[725], [0.0, 0.0, 0.0], (1, 5.149489890106707, 2.871079414372684), 1002.0055444447133 MeV, -1
[726], [0.0, 0.0, 0.0], (1, 5.126985510643686, 2.726264716762957), 5453.986060464615 MeV, 1
[727], [0.0, 0.0, 0.0], (1, 4.310080990507737, 2.0216959816070865), 1809.789142818559 MeV, 1
[728], [0.0, 0.0, 0.0], (1, 5.249764859153641, 2.1907582530331746), 729.8190949038293 MeV, -1
[729], [0.0, 0.0, 0.0], (1, 4.289620324972255, 2.1191456060670415), 754.776166582032 MeV, 1
[730], [0.0, 0.0, 0.0], (1, 5.629880734951833, 2.5619128976179404), 2005.2192302750184 MeV, 1
[731], [0.0, 0.0, 0.0], (1, 3.982274254242827, 2.40975996039108), 823.7332702880731 MeV, 1
[732], [0.0, 0.0, 0.0], (1, 3.567679637687805, 2.596566081209332), 4729.113253237267 MeV, 1
[733], [0.0, 0.0, 0.0], (1, 2.7312861720388373, 2.4955533935384278), 4807.099703502422 MeV, 1
[734], [0.0, 0.0, 0.0], (1, 0.8836738954898253, 2.0176756251531303), 2100.905025221339 MeV, -1
[735], [0.0, 0.0, 0.0], (1, 0.5664456040694059, 2.6633175763029775), 492.2650711670345 MeV, 1
[736], [0.0, 0.0, 0.0], (1, 1.1637917799636464, 2.760632976464678), 5721.656942126741 MeV, 1
[737], [0.0, 0.0, 0.0], (1, 0.5787191633211002, 2.735765667940333), 506.61855313530634 MeV, 1
[738], [0.0, 0.0, 0.0], (1, 3.802842381788621, 2.186519844702494), 8506.325358173252 MeV, -1
[739], [0.0, 0.0, 0.0], (1, 5.34945247374848, 2.0403589968171696), 2528.5537158052216 MeV, 1
[740], [0.0, 0.0, 0.0], (1, 0.3750111069154478, 2.485012125002247), 4359.635599577089 MeV, 1
[741], [0.0, 0.0, 0.0], (1, 1.282149935703881, 2.060665181192462), 8914.259135681885 MeV, -1
[742], [0.0, 0.0, 0.0], (1, 4.201560441793259, 2.8601770308094157), 2844.41743415463 MeV, -1
[743], [0.0, 0.0, 0.0], (1, 2.656912971378244, 1.8727317225735414), 3116.4086085842496 MeV, -1
[744], [0.0, 0.0, 0.0], (1, 0.039714964595283675, 2.7963650339669064), 2189.052387417276 MeV, 1
[745], [0.0, 0.0, 0.0], (1, 4.5992364748652985, 1.8338447686512196), 710.2701824453952 MeV, -1
[746], [0.0, 0.0, 0.0], (1, 1.9379899725112306, 1.6601273631613525), 59450.16327492143 MeV, -1
[747], [0.0, 0.0, 0.0], (1, 2.2338027758417756, 2.9444894752604176), 1826.6552892179689 MeV, -1
[748], [0.0, 0.0, 0.0], (1, 0.9112224196876539, 2.300170066058464), 3163.5369685585706 MeV, 1
[749], [0.0, 0.0, 0.0], (1, 5.3922859954859526, 2.44429073485413), 6971.950966814563 MeV, 1
[750], [0.0, 0.0, 0.0], (1, 3.7922699053765, 2.988429983464286), 1459.6185362807419 MeV, 1
[751], [0.0, 0.0, 0.0], (1, 5.3413589897437745, 2.4427716278111204), 363.9404550975781 MeV, 1
[752], [0.0, 0.0, 0.0], (1, 1.5197428771760944, 2.437073376244432), 8471.64830464295 MeV, 1
[753], [0.0, 0.0, 0.0], (1, 1.89014809730174, 2.762915251492809), 365.92654155326176 MeV, -1
[754], [0.0, 0.0, 0.0], (1, 3.6669696416321704, 2.588123521184725), 2408.772193000158 MeV, 1
[755], [0.0, 0.0, 0.0], (1, 2.448678801675136, 2.588923044627111), 7293.094698516703 MeV, 1
[756], [0.0, 0.0, 0.0], (1, 1.637595689154919, 2.4448231732094863), 8598.2861776163 MeV, 1
[757], [0.0, 0.0, 0.0], (1, 3.4566328174034417, 2.5310118248420244), 10921.239988030511 MeV, 1
[758], [0.0, 0.0, 0.0], (1, 4.764978896516929, 2.3571520205694276), 1413.3884202557902 MeV, -1
[759], [0.0, 0.0, 0.0], (1, 3.078628926812371, 2.460941925741113), 1656.069281380762 MeV, -1
[760], [0.0, 0.0, 0.0], (1, 1.5504570358389813, 2.9470320239402317), 448.29241515136397 MeV, -1
[761], [0.0, 0.0, 0.0], (1, 1.2172097181430122, 2.7857744915914324), 349.2460178339841 MeV, -1
[762], [0.0, 0.0, 0.0], (1, 3.2674977303600343, 2.9506621846272454), 208.86949824394532 MeV, -1
[763], [0.0, 0.0, 0.0], (1, 1.9462209632051035, 2.593549421495021), 12401.752160661365 MeV, 1
[764], [0.0, 0.0, 0.0], (1, 0.5469427581863862, 2.0039537717780163), 1594.3402779804262 MeV, 1
[765], [0.0, 0.0, 0.0], (1, 2.4640554101805954, 2.617840913535148), 3481.541954141533 MeV, -1
[766], [0.0, 0.0, 0.0], (1, 5.541671150951185, 2.593732119380986), 1996.8890277288174 MeV, 1
[767], [0.0, 0.0, 0.0], (1, 1.7790516886456782, 2.6767546368451747), 501.3007945523218 MeV, 1
[768], [0.0, 0.0, 0.0], (1, 0.07919879088469983, 2.651747535378626), 300.8105851000299 MeV, 1
[769], [0.0, 0.0, 0.0], (1, 1.1502448065073434, 3.0060469986714766), 560.0793630644877 MeV, 1
[770], [0.0, 0.0, 0.0], (1, 5.672871258234586, 2.6187275892379605), 1110.713327937079 MeV, 1
[771], [0.0, 0.0, 0.0], (1, 1.9304015429966412, 2.3611546043440947), 17529.68203097026 MeV, 1
[772], [0.0, 0.0, 0.0], (1, 2.092020544305935, 2.975583001902904), 18722.421109579427 MeV, -1
[773], [0.0, 0.0, 0.0], (1, 2.8832923636618073, 2.851165628914612), 372.42160824625944 MeV, -1
[774], [0.0, 0.0, 0.0], (1, 1.6321209104467407, 2.625529022236618), 1090.1930242451022 MeV, -1
[775], [0.0, 0.0, 0.0], (1, 1.2158268014088147, 2.8349412195970567), 461.2682080019225 MeV, 1
[776], [0.0, 0.0, 0.0], (1, 0.9680170614872337, 2.73829244791761), 10531.178686459836 MeV, -1
[777], [0.0, 0.0, 0.0], (1, 5.022168738287043, 3.0242001648931107), 5035.4510192741345 MeV, 1
[778], [0.0, 0.0, 0.0], (1, 2.905813033230247, 2.6950678695823687), 6116.999176119745 MeV, 1
[779], [0.0, 0.0, 0.0], (1, 6.214246570250495, 2.679802981500568), 1443.7260482654285 MeV, -1
[780], [0.0, 0.0, 0.0], (1, 1.7426199826012763, 2.010839031118719), 3029.3636037310894 MeV, 1
[781], [0.0, 0.0, 0.0], (1, 3.7518989395893447, 2.556111583910368), 2274.369120925624 MeV, 1
[782], [0.0, 0.0, 0.0], (1, 2.335305708059405, 1.7677723920126318), 9305.334353894516 MeV, -1
[783], [0.0, 0.0, 0.0], (1, 5.429270958098886, 2.492117491153157), 863.1220719092952 MeV, 1
[784], [0.0, 0.0, 0.0], (1, 5.798367535852631, 2.6746931214417278), 2382.6766055652815 MeV, 1
[785], [0.0, 0.0, 0.0], (1, 3.0911670219221765, 1.9129066386228366), 21704.015920200804 MeV, 1
[786], [0.0, 0.0, 0.0], (1, 1.60030032491985, 2.023032236890129), 1809.1001255819156 MeV, 1
[787], [0.0, 0.0, 0.0], (1, 5.0528696291173905, 2.9254595950596483), 710.1282133393743 MeV, 1
[788], [0.0, 0.0, 0.0], (1, 4.874235884422982, 2.311039955981507), 13952.846957072641 MeV, -1
[789], [0.0, 0.0, 0.0], (1, 2.0104266647869746, 2.448845391575001), 2130.2228436679484 MeV, 1
[790], [0.0, 0.0, 0.0], (1, 3.57750999258659, 2.872681352826962), 1349.804482087052 MeV, 1
[791], [0.0, 0.0, 0.0], (1, 6.256385947305194, 2.7458445649143313), 217.43633244004417 MeV, -1
[792], [0.0, 0.0, 0.0], (1, 0.2558803439118904, 2.2350053967213657), 3525.2451517571753 MeV, 1
[793], [0.0, 0.0, 0.0], (1, 5.823329583444707, 2.514505775629251), 1283.3481246683616 MeV, -1
[794], [0.0, 0.0, 0.0], (1, 2.4979898873208253, 2.3656234441731057), 405.4057965837491 MeV, 1
[795], [0.0, 0.0, 0.0], (1, 2.3370369104093527, 2.8394228511070243), 8451.223739148048 MeV, -1
[796], [0.0, 0.0, 0.0], (1, 3.4673253080076947, 1.6755074269446522), 15142.678658014605 MeV, 1
[797], [0.0, 0.0, 0.0], (1, 1.4180556270184441, 2.7530811088689973), 3085.472430660551 MeV, 1
[798], [0.0, 0.0, 0.0], (1, 1.159451661202067, 2.8543131053188056), 1079.605513505157 MeV, 1
[799], [0.0, 0.0, 0.0], (1, 4.163228130428584, 2.463191877155025), 2028.0861567835973 MeV, -1
[800], [0.0, 0.0, 0.0], (1, 5.2504762893173655, 2.4355410293192334), 6905.121565927152 MeV, 1
[801], [0.0, 0.0, 0.0], (1, 1.785062669205102, 2.619566186999951), 2149.191756572416 MeV, 1
[802], [0.0, 0.0, 0.0], (1, 1.2487215157752871, 2.957909661655409), 1350.1414357729907 MeV, 1
[803], [0.0, 0.0, 0.0], (1, 2.964358270035822, 3.0294148641254557), 242.90705134075418 MeV, 1
[804], [0.0, 0.0, 0.0], (1, 1.9860966967277704, 2.1828527716052166), 1913.0924475082836 MeV, 1
[805], [0.0, 0.0, 0.0], (1, 3.7141657048407355, 2.7290463465903114), 1824.204082640079 MeV, 1
[806], [0.0, 0.0, 0.0], (1, 5.636198857418192, 2.000486385024552), 8204.500603050945 MeV, 1
[807], [0.0, 0.0, 0.0], (1, 5.9467909020454846, 2.7947055402333993), 1519.3615068433642 MeV, 1
[808], [0.0, 0.0, 0.0], (1, 1.1089772028252476, 2.141612499725229), 2342.191096403729 MeV, 1
[809], [0.0, 0.0, 0.0], (1, 4.856196195144058, 2.653875359328426), 2494.4244346867813 MeV, 1
[810], [0.0, 0.0, 0.0], (1, 5.448877266894991, 2.3437864152866315), 11695.36494671208 MeV, 1
[811], [0.0, 0.0, 0.0], (1, 1.8318146210179371, 2.1563435041475625), 28969.703996926488 MeV, 1
[812], [0.0, 0.0, 0.0], (1, 2.879959371802581, 2.5274492094048457), 1025.5721975277975 MeV, 1
[813], [0.0, 0.0, 0.0], (1, 1.5345724999084318, 2.8673674825512014), 198.85231204821022 MeV, 1
[814], [0.0, 0.0, 0.0], (1, 5.122228657754199, 2.3861694593756315), 276.29864680861067 MeV, 1
[815], [0.0, 0.0, 0.0], (1, 0.677408154783766, 2.6600542739812907), 1228.0724572301112 MeV, 1
[816], [0.0, 0.0, 0.0], (1, 4.325185758402004, 2.3501974073199223), 2163.1583342534614 MeV, -1
[817], [0.0, 0.0, 0.0], (1, 1.861401485936053, 2.703822610021392), 2278.8020088629905 MeV, 1
[818], [0.0, 0.0, 0.0], (1, 3.514348887996821, 2.7157029475934236), 396.50926308268816 MeV, 1
[819], [0.0, 0.0, 0.0], (1, 2.34611675958719, 2.6974982838814134), 2766.2451048048756 MeV, 1
[820], [0.0, 0.0, 0.0], (1, 5.138887991793094, 2.592146442393744), 779.3478595294232 MeV, 1
[821], [0.0, 0.0, 0.0], (1, 4.06367107633975, 2.6053025798439613), 5201.656542358995 MeV, 1
[822], [0.0, 0.0, 0.0], (1, 1.2498420315802505, 2.6487902927826585), 964.7263901517301 MeV, 1
[823], [0.0, 0.0, 0.0], (1, 0.46547373173089923, 2.9023320757099444), 3284.8771291332114 MeV, -1
[824], [0.0, 0.0, 0.0], (1, 2.542041376132911, 2.6315303018111087), 1421.1844611104073 MeV, 1
[825], [0.0, 0.0, 0.0], (1, 1.6473617245424537, 2.3893542248857007), 812.0360387780581 MeV, -1
[826], [0.0, 0.0, 0.0], (1, 2.9600157625831756, 2.6232896432212796), 568.5592444502502 MeV, -1
[827], [0.0, 0.0, 0.0], (1, 1.9002310202764914, 1.963616820104548), 20468.152755638686 MeV, 1
[828], [0.0, 0.0, 0.0], (1, 1.3756148798766485, 2.446538110923065), 1376.3036507513063 MeV, -1
[829], [0.0, 0.0, 0.0], (1, 5.672010861840218, 2.9371082392270367), 314.84843491746665 MeV, -1
[830], [0.0, 0.0, 0.0], (1, 3.2400051607281153, 2.813826278092548), 1495.0600488407067 MeV, 1
[831], [0.0, 0.0, 0.0], (1, 3.424388051602018, 2.6055159528412526), 2254.133152217973 MeV, 1
[832], [0.0, 0.0, 0.0], (1, 1.144346355605121, 2.7569410794096707), 457.81955815267776 MeV, 1
[833], [0.0, 0.0, 0.0], (1, 4.983044744106721, 2.533207449754341), 1806.5627505391171 MeV, 1
[834], [0.0, 0.0, 0.0], (1, 0.8947413330934122, 2.7298738626053796), 1679.5054189581053 MeV, -1
[835], [0.0, 0.0, 0.0], (1, 5.965968497970316, 2.3253266481289434), 1373.7665485944253 MeV, 1
[836], [0.0, 0.0, 0.0], (1, 0.5503178453405431, 2.222821510862405), 189.88634604612628 MeV, 1
[837], [0.0, 0.0, 0.0], (1, 1.5517488696791553, 2.4081098741817892), 14113.02894355181 MeV, -1
[838], [0.0, 0.0, 0.0], (1, 0.9365994981649255, 2.2003167295284918), 3502.2343287712943 MeV, -1
[839], [0.0, 0.0, 0.0], (1, 4.19634609821504, 2.5705193208019557), 956.8525954100567 MeV, 1
[840], [0.0, 0.0, 0.0], (1, 5.442479908531254, 2.602816352785693), 204.32397269673856 MeV, -1
[841], [0.0, 0.0, 0.0], (1, 0.2438797903650336, 2.9767902089926404), 1268.327078725209 MeV, -1
[842], [0.0, 0.0, 0.0], (1, 4.7125388032948425, 2.593257435302296), 917.4974953127976 MeV, -1
[843], [0.0, 0.0, 0.0], (1, 5.829713109336886, 2.629603881489669), 240.40970566854793 MeV, 1
[844], [0.0, 0.0, 0.0], (1, 4.88453264515206, 2.151123525500182), 989.2195553455124 MeV, -1
[845], [0.0, 0.0, 0.0], (1, 2.8107530759229054, 2.4640748046839804), 9675.844190673464 MeV, -1
[846], [0.0, 0.0, 0.0], (1, 3.478055808417251, 2.69059968940298), 13180.235163054907 MeV, 1
[847], [0.0, 0.0, 0.0], (1, 2.161283972161735, 2.401926006544704), 2370.1905338463234 MeV, -1
[848], [0.0, 0.0, 0.0], (1, 3.186455831498128, 2.4830889266685015), 3312.264443333171 MeV, -1
[849], [0.0, 0.0, 0.0], (1, 5.8182607919879175, 2.5707134613507785), 1010.3781911912475 MeV, 1
[850], [0.0, 0.0, 0.0], (1, 5.395540574714984, 2.9090508950526535), 12275.388613526948 MeV, -1
[851], [0.0, 0.0, 0.0], (1, 0.9997354108982925, 2.852910927866752), 4490.368351906949 MeV, -1
[852], [0.0, 0.0, 0.0], (1, 0.10088512772751645, 2.9260537920206002), 306.9521457730684 MeV, 1
[853], [0.0, 0.0, 0.0], (1, 4.247778966373325, 2.4634773988083163), 118.44715216463794 MeV, 1
[854], [0.0, 0.0, 0.0], (1, 3.1309308703495056, 2.086267939853715), 6504.302447233529 MeV, -1
[855], [0.0, 0.0, 0.0], (1, 0.6445050386593651, 2.523394104432275), 1827.2487791748554 MeV, 1
[856], [0.0, 0.0, 0.0], (1, 3.809380357574156, 2.90877767575337), 3947.2032247644074 MeV, -1
[857], [0.0, 0.0, 0.0], (1, 5.020176489154446, 2.3297866722904823), 10559.78636550211 MeV, -1
[858], [0.0, 0.0, 0.0], (1, 1.750533306776326, 2.9683319949834033), 310.5651200128482 MeV, -1
[859], [0.0, 0.0, 0.0], (1, 2.66731179951098, 2.494710373611907), 7410.166302301375 MeV, -1
[860], [0.0, 0.0, 0.0], (1, 3.962479619930013, 2.786586579884487), 650.3265261737739 MeV, -1
[861], [0.0, 0.0, 0.0], (1, 4.0052069000544, 2.8953927123129635), 3474.0254011506295 MeV, 1
[862], [0.0, 0.0, 0.0], (1, 1.5218576337107779, 2.8819457730189866), 675.0484515201289 MeV, -1
[863], [0.0, 0.0, 0.0], (1, 6.180117946715578, 2.044580570618151), 219732.58752247374 MeV, 1
[864], [0.0, 0.0, 0.0], (1, 1.3250055246744568, 2.2839114758478347), 2973.4864365211215 MeV, 1
[865], [0.0, 0.0, 0.0], (1, 4.9690486143830634, 2.981092664258493), 2579.6652169366844 MeV, -1
[866], [0.0, 0.0, 0.0], (1, 4.802242792615948, 2.8323089718278447), 7965.474327474154 MeV, 1
[867], [0.0, 0.0, 0.0], (1, 1.960319507562378, 2.708971899617531), 5672.905026106544 MeV, -1
[868], [0.0, 0.0, 0.0], (1, 3.838164751392428, 2.524507086681447), 484.5957517273172 MeV, -1
[869], [0.0, 0.0, 0.0], (1, 5.58165388136214, 2.863037012433766), 20418.90371665597 MeV, -1
[870], [0.0, 0.0, 0.0], (1, 0.2576311895570056, 2.822091043986582), 306.50582334650034 MeV, 1
[871], [0.0, 0.0, 0.0], (1, 0.17240279746157228, 2.432205974048644), 3823.161777055153 MeV, 1
[872], [0.0, 0.0, 0.0], (1, 4.491065368066795, 2.742208331140731), 1918.7605112295125 MeV, -1
[873], [0.0, 0.0, 0.0], (1, 5.191854419615414, 2.134993942784182), 5674.645769396897 MeV, -1
[874], [0.0, 0.0, 0.0], (1, 3.970337176877761, 2.8084512917436806), 7415.098146263068 MeV, -1
[875], [0.0, 0.0, 0.0], (1, 0.2692266491394619, 2.7237706039621608), 544.7848032500888 MeV, 1
[876], [0.0, 0.0, 0.0], (1, 5.931122539202693, 2.0091623574166104), 8853.240945624893 MeV, 1
[877], [0.0, 0.0, 0.0], (1, 2.177386003845733, 1.806572998428285), 29626.09012896558 MeV, 1
[878], [0.0, 0.0, 0.0], (1, 1.1893537556358798, 2.5050602188174005), 1953.123677372702 MeV, 1
[879], [0.0, 0.0, 0.0], (1, 0.5079402491055198, 2.50545557100822), 2140.9472942859425 MeV, 1
[880], [0.0, 0.0, 0.0], (1, 4.845504344214826, 2.546777371066364), 28935.7389267808 MeV, -1
[881], [0.0, 0.0, 0.0], (1, 4.423788664287739, 2.6088819552769404), 246.04465134753727 MeV, -1
[882], [0.0, 0.0, 0.0], (1, 3.6653416726576324, 2.759484842510916), 2183.005248830636 MeV, -1
[883], [0.0, 0.0, 0.0], (1, 3.0852209188438913, 2.522167925764102), 2619.5750141255576 MeV, 1
[884], [0.0, 0.0, 0.0], (1, 1.7563489092608222, 2.41494267937655), 18489.541221979238 MeV, 1
[885], [0.0, 0.0, 0.0], (1, 5.742065230515015, 2.863427205716013), 1472.4123854064392 MeV, -1
[886], [0.0, 0.0, 0.0], (1, 2.6779369430705486, 2.750763281706306), 3676.0763882592514 MeV, -1
[887], [0.0, 0.0, 0.0], (1, 2.4407055853477004, 2.9271251101783906), 1539.6931992838654 MeV, 1
[888], [0.0, 0.0, 0.0], (1, 3.9077618503823404, 1.928783011572548), 3753.017968940963 MeV, 1
[889], [0.0, 0.0, 0.0], (1, 4.745676734081608, 2.1462176713770575), 4694.697974449765 MeV, 1
[890], [0.0, 0.0, 0.0], (1, 1.8364274853382483, 2.565933633816176), 1304.8498532919664 MeV, -1
[891], [0.0, 0.0, 0.0], (1, 1.0277038995850099, 2.7073192151513004), 17292.53844835536 MeV, 1
[892], [0.0, 0.0, 0.0], (1, 4.537456552485745, 2.6176410599090842), 16186.349260158888 MeV, -1
[893], [0.0, 0.0, 0.0], (1, 1.061029028196793, 3.0896591288300765), 10021.377885562642 MeV, -1
[894], [0.0, 0.0, 0.0], (1, 0.7685692557767947, 3.0232610835104126), 7323.972963618331 MeV, 1
[895], [0.0, 0.0, 0.0], (1, 4.502415017089291, 2.3834476754448843), 1536.9496912710572 MeV, -1
[896], [0.0, 0.0, 0.0], (1, 2.855985862730149, 2.918114892163761), 204.87533437129773 MeV, 1
[897], [0.0, 0.0, 0.0], (1, 5.440328043791894, 2.7962299064842027), 6014.545529381448 MeV, -1
[898], [0.0, 0.0, 0.0], (1, 3.4182172931387065, 2.389231806256976), 10885.756946735173 MeV, -1
[899], [0.0, 0.0, 0.0], (1, 4.4750003726320635, 2.189538361729848), 4896.089929180789 MeV, -1
[900], [0.0, 0.0, 0.0], (1, 3.896162877194425, 2.9719750846182675), 1649.22970141442 MeV, 1
[901], [0.0, 0.0, 0.0], (1, 4.377186226736287, 2.993996619012693), 4711.235913882526 MeV, -1
[902], [0.0, 0.0, 0.0], (1, 2.6548614556192227, 1.7479533225934802), 45585.90300788803 MeV, 1
[903], [0.0, 0.0, 0.0], (1, 2.6368878623656595, 2.4318816112377437), 1620.5621190541826 MeV, 1
[904], [0.0, 0.0, 0.0], (1, 1.322205989495373, 2.7225135180187836), 1804.7407173227762 MeV, -1
[905], [0.0, 0.0, 0.0], (1, 4.357702523728823, 2.6897534570180954), 509.1847371588256 MeV, -1
[906], [0.0, 0.0, 0.0], (1, 2.2673249269219173, 2.376787119928283), 3091.198622552971 MeV, 1
[907], [0.0, 0.0, 0.0], (1, 5.494217867544325, 2.1559286069417176), 30532.085546703325 MeV, 1
[908], [0.0, 0.0, 0.0], (1, 2.61354504929022, 2.3225407934742126), 755.6087259465368 MeV, 1
[909], [0.0, 0.0, 0.0], (1, 2.408433477902621, 2.476680255373457), 7485.645251477416 MeV, 1
[910], [0.0, 0.0, 0.0], (1, 1.8984415133231316, 2.1937122984438617), 197.64185622337538 MeV, -1
[911], [0.0, 0.0, 0.0], (1, 5.19685425723555, 2.4588072565654113), 1224.5295325984064 MeV, 1
[912], [0.0, 0.0, 0.0], (1, 2.632452456674386, 2.282349473960129), 272.6472971978584 MeV, 1
[913], [0.0, 0.0, 0.0], (1, 4.4470075312853, 2.6361364277547494), 4284.7608226967 MeV, 1
[914], [0.0, 0.0, 0.0], (1, 4.440745998834817, 2.435299836402091), 1990.9088879706353 MeV, -1
[915], [0.0, 0.0, 0.0], (1, 0.49236062638946265, 2.7349004206118677), 218.27147501850786 MeV, -1
[916], [0.0, 0.0, 0.0], (1, 0.1041198281719824, 2.6015842786572247), 524.9894458057013 MeV, -1
[917], [0.0, 0.0, 0.0], (1, 5.635619099811702, 1.8605757150204651), 1481.0540014214614 MeV, -1
[918], [0.0, 0.0, 0.0], (1, 0.14390482865041498, 2.670672447129553), 19.503272228581654 MeV, -1
[919], [0.0, 0.0, 0.0], (1, 4.763799905372414, 2.5047622003271455), 1497.4963894584596 MeV, -1
[920], [0.0, 0.0, 0.0], (1, 4.228331350967458, 2.622736638225489), 502.0631237250467 MeV, 1
[921], [0.0, 0.0, 0.0], (1, 3.7333096013934495, 1.9360232054502393), 206261.2233219602 MeV, 1
[922], [0.0, 0.0, 0.0], (1, 4.120325081145715, 2.9880467032607725), 992.186676763494 MeV, 1
[923], [0.0, 0.0, 0.0], (1, 0.8703303670816709, 2.701501171698545), 3180.3380460973567 MeV, -1
[924], [0.0, 0.0, 0.0], (1, 2.3088250232632106, 2.7891798441285016), 9528.423440397122 MeV, 1
[925], [0.0, 0.0, 0.0], (1, 6.173635321069147, 2.750502531983558), 4510.797633157723 MeV, 1
[926], [0.0, 0.0, 0.0], (1, 3.235166093693075, 2.332347213897093), 342.88930937839865 MeV, 1
[927], [0.0, 0.0, 0.0], (1, 2.370943819070389, 2.439982436478418), 4930.538462497388 MeV, -1
[928], [0.0, 0.0, 0.0], (1, 6.073446330117586, 2.517467897139198), 256.95462543108573 MeV, -1
[929], [0.0, 0.0, 0.0], (1, 5.095722516200432, 2.059744497022284), 11429.913908498844 MeV, 1
[930], [0.0, 0.0, 0.0], (1, 2.659435587628211, 2.6880650251049922), 555.8831827338795 MeV, 1
[931], [0.0, 0.0, 0.0], (1, 1.1222338120825963, 3.02679507772651), 2268.686668576361 MeV, -1
[932], [0.0, 0.0, 0.0], (1, 5.6637685962217486, 2.417196859418315), 586.4017326567139 MeV, 1
[933], [0.0, 0.0, 0.0], (1, 2.3709872835252632, 2.7004514701089937), 1246.7109845088917 MeV, 1
[934], [0.0, 0.0, 0.0], (1, 4.242397034916975, 2.473126220624123), 3046.861003067809 MeV, 1
[935], [0.0, 0.0, 0.0], (1, 1.634649792874285, 2.2576578082956598), 7004.011939843807 MeV, -1
[936], [0.0, 0.0, 0.0], (1, 1.5577154075615134, 1.6696768704016554), 3217.9118655278758 MeV, -1
[937], [0.0, 0.0, 0.0], (1, 2.8793807285618946, 2.6363858360506987), 1248.0911264976412 MeV, 1
[938], [0.0, 0.0, 0.0], (1, 0.0614967257580723, 2.648931122413481), 1176.5823455344869 MeV, -1
[939], [0.0, 0.0, 0.0], (1, 6.0719722462033445, 2.341284225977196), 1081.6135594524474 MeV, 1
[940], [0.0, 0.0, 0.0], (1, 2.9193514910894898, 2.586939150160271), 2482.9204589813144 MeV, 1
[941], [0.0, 0.0, 0.0], (1, 0.7947268633397826, 2.2406070734705987), 154.9330812659404 MeV, 1
[942], [0.0, 0.0, 0.0], (1, 2.9740661565410598, 2.376771649276286), 5161.775905778544 MeV, 1
[943], [0.0, 0.0, 0.0], (1, 5.826955389494278, 2.512005702280021), 1543.3983026733185 MeV, -1
[944], [0.0, 0.0, 0.0], (1, 4.2120535672711, 2.157927427368087), 493.08777727951485 MeV, 1
[945], [0.0, 0.0, 0.0], (1, 4.936570915125927, 2.634917860182109), 1624.8577822760078 MeV, -1
[946], [0.0, 0.0, 0.0], (1, 5.60546368983681, 2.0423275062592907), 7096.36384895499 MeV, -1
[947], [0.0, 0.0, 0.0], (1, 1.9815756122575454, 2.355460449801215), 922.1344491878511 MeV, 1
[948], [0.0, 0.0, 0.0], (1, 0.6193788308136048, 2.8590143369819887), 1279.11651678676 MeV, 1
[949], [0.0, 0.0, 0.0], (1, 1.0212555496218254, 2.360911025832629), 469.666835410738 MeV, 1
[950], [0.0, 0.0, 0.0], (1, 0.8471423916919161, 3.030344621029637), 7039.090732945369 MeV, 1
[951], [0.0, 0.0, 0.0], (1, 3.499598380754801, 2.910732770246062), 12047.457996663461 MeV, 1
[952], [0.0, 0.0, 0.0], (1, 0.23737593746938757, 2.2557300830854516), 2117.7843482297744 MeV, 1
[953], [0.0, 0.0, 0.0], (1, 2.0957795365854004, 2.6233426217536246), 3738.4316480339257 MeV, 1
[954], [0.0, 0.0, 0.0], (1, 2.807607822404563, 1.7993892219366547), 28139.624684859817 MeV, 1
[955], [0.0, 0.0, 0.0], (1, 5.338225424063325, 2.952141752554987), 103.97014397764673 MeV, -1
[956], [0.0, 0.0, 0.0], (1, 5.09353479753873, 2.912978627028192), 5002.0887803097 MeV, -1
[957], [0.0, 0.0, 0.0], (1, 3.502200254049349, 2.5386460520139007), 679.1469867530288 MeV, -1
[958], [0.0, 0.0, 0.0], (1, 1.9350761556580647, 2.482847743124971), 6835.8600377480125 MeV, 1
[959], [0.0, 0.0, 0.0], (1, 5.900333717432421, 2.275500513981113), 525.8294370404814 MeV, -1
[960], [0.0, 0.0, 0.0], (1, 0.07679428434063684, 2.524287688573727), 2011.5741017032974 MeV, 1
[961], [0.0, 0.0, 0.0], (1, 2.9735748051702835, 2.298411569037515), 737.9763755154994 MeV, -1
[962], [0.0, 0.0, 0.0], (1, 3.0575361359728035, 2.8260087876609354), 5175.9197440929 MeV, 1
[963], [0.0, 0.0, 0.0], (1, 4.745459514372116, 2.346605248514283), 1311.842341766574 MeV, -1
[964], [0.0, 0.0, 0.0], (1, 1.9730802486989347, 2.4441894436720295), 7178.5091223191275 MeV, 1
[965], [0.0, 0.0, 0.0], (1, 0.2384951378450335, 1.9679898855156923), 3320.028745640877 MeV, -1
[966], [0.0, 0.0, 0.0], (1, 3.6829916459112457, 2.501732356015336), 32.335310051272565 MeV, -1
[967], [0.0, 0.0, 0.0], (1, 1.2619049540162823, 2.9199480194531113), 1794.6616876231772 MeV, 1
[968], [0.0, 0.0, 0.0], (1, 4.5405999088441025, 2.8223160708238613), 41.8049785461876 MeV, 1
[969], [0.0, 0.0, 0.0], (1, 4.101764190064067, 2.937503534750703), 1591.512401622769 MeV, 1
[970], [0.0, 0.0, 0.0], (1, 0.831058711356623, 2.8462981301447976), 4386.749866987691 MeV, -1
[971], [0.0, 0.0, 0.0], (1, 5.043676871363505, 2.338963690241766), 374.678044052323 MeV, 1
[972], [0.0, 0.0, 0.0], (1, 0.7835847423232654, 2.2135785379783144), 11243.536807513301 MeV, 1
[973], [0.0, 0.0, 0.0], (1, 3.6368870520618772, 2.49621032434153), 1863.7671826357225 MeV, -1
[974], [0.0, 0.0, 0.0], (1, 6.059000680174492, 2.0491799277700724), 872.8695322217856 MeV, -1
[975], [0.0, 0.0, 0.0], (1, 3.8110203859515064, 2.5829011781451294), 4639.186272258397 MeV, -1
[976], [0.0, 0.0, 0.0], (1, 1.9629693847211769, 2.766809253830381), 4407.20439688431 MeV, 1
[977], [0.0, 0.0, 0.0], (1, 0.3116528445851916, 2.5964365767918984), 247.3780261706363 MeV, 1
[978], [0.0, 0.0, 0.0], (1, 6.062291590314597, 2.3067822574258043), 14964.248025382578 MeV, 1
[979], [0.0, 0.0, 0.0], (1, 6.051865940292652, 2.429501984202101), 3012.483673987537 MeV, 1
[980], [0.0, 0.0, 0.0], (1, 3.491297344394982, 2.6627246710983608), 5741.165830272285 MeV, 1
[981], [0.0, 0.0, 0.0], (1, 3.3277143778964957, 2.8848544548257444), 3164.2984222894315 MeV, -1
[982], [0.0, 0.0, 0.0], (1, 1.4493196291970243, 2.196977311744951), 3761.2804153073544 MeV, -1
[983], [0.0, 0.0, 0.0], (1, 2.2900854710421505, 2.7054531064742284), 5518.095033580277 MeV, 1
[984], [0.0, 0.0, 0.0], (1, 5.23376937013385, 1.8804888656178183), 5054.882568002677 MeV, 1
[985], [0.0, 0.0, 0.0], (1, 3.665725411852108, 2.494201769243385), 790.8717539455259 MeV, -1
[986], [0.0, 0.0, 0.0], (1, 0.08693787602515712, 2.703824729003138), 451.00848564620685 MeV, 1
[987], [0.0, 0.0, 0.0], (1, 4.307341620063893, 2.856959404784725), 490.0024203442359 MeV, -1
[988], [0.0, 0.0, 0.0], (1, 4.155192119637783, 2.4444253290797393), 7238.465545712214 MeV, 1
[989], [0.0, 0.0, 0.0], (1, 3.7275409834330167, 2.1856674855928455), 1413.9409353408575 MeV, 1
[990], [0.0, 0.0, 0.0], (1, 2.586065852950295, 2.3319323097619766), 1804.4560735020991 MeV, 1
[991], [0.0, 0.0, 0.0], (1, 0.5020720958497691, 2.381886274728552), 177.28614707721735 MeV, -1
[992], [0.0, 0.0, 0.0], (1, 1.6170636777470122, 2.7637790877494153), 504.1776031784685 MeV, 1
[993], [0.0, 0.0, 0.0], (1, 5.712245252582577, 2.880000368627923), 2007.6875373321088 MeV, -1
[994], [0.0, 0.0, 0.0], (1, 5.438082699381817, 2.565380277499736), 3962.415737847189 MeV, 1
[995], [0.0, 0.0, 0.0], (1, 3.2777630154138073, 2.0194050752639976), 37347.026043278674 MeV, 1
[996], [0.0, 0.0, 0.0], (1, 5.067558216900327, 2.467783326693905), 2119.3198635248614 MeV, -1
[997], [0.0, 0.0, 0.0], (1, 0.04419682182474638, 2.7974218442522103), 561.039282901098 MeV, -1
[998], [0.0, 0.0, 0.0], (1, 2.3771356275658526, 2.6756587115478343), 6743.9706669311 MeV, -1
[999], [0.0, 0.0, 0.0], (1, 0.5877216379148793, 2.467457588903647), 2573.924739857795 MeV, -1
